0.999998 -0.00372104 5
0.999993 -0.00744408 5.001
0.999983 -0.011169 5.002
0.99997 -0.0148957 5.003
0.999953 -0.018624 5.004
0.999933 -0.0223539 5.005
0.999909 -0.0260852 5.006
0.999881 -0.0298178 5.007
0.999849 -0.0335517 5.008
0.999814 -0.0372866 5.009
0.999775 -0.0410225 5.01
0.999732 -0.0447594 5.011
0.999685 -0.048497 5.012
0.999635 -0.0522354 5.013
0.999581 -0.0559743 5.014
0.999523 -0.0597137 5.015
0.999461 -0.0634535 5.016
0.999396 -0.0671936 5.017
0.999327 -0.0709339 5.018
0.999254 -0.0746743 5.019
0.999178 -0.0784148 5.02
0.999098 -0.0821551 5.021
0.999014 -0.0858953 5.022
0.998926 -0.0896352 5.023
0.998834 -0.0933748 5.024
0.998739 -0.0971139 5.025
0.998641 -0.100853 5.026
0.998538 -0.10459 5.027
0.998432 -0.108328 5.028
0.998322 -0.112064 5.029
0.998208 -0.1158 5.03
0.99809 -0.119535 5.031
0.997969 -0.123268 5.032
0.997844 -0.127001 5.033
0.997716 -0.130732 5.034
0.997584 -0.134462 5.035
0.997448 -0.138191 5.036
0.997308 -0.141919 5.037
0.997164 -0.145644 5.038
0.997017 -0.149369 5.039
0.996867 -0.153091 5.04
0.996712 -0.156812 5.041
0.996554 -0.160531 5.042
0.996392 -0.164249 5.043
0.996227 -0.167964 5.044
0.996058 -0.171678 5.045
0.995885 -0.175389 5.046
0.995708 -0.179098 5.047
0.995528 -0.182805 5.048
0.995344 -0.18651 5.049
0.995157 -0.190212 5.05
0.994966 -0.193912 5.051
0.994771 -0.19761 5.052
0.994573 -0.201305 5.053
0.99437 -0.204998 5.054
0.994165 -0.208687 5.055
0.993956 -0.212375 5.056
0.993743 -0.216059 5.057
0.993526 -0.219741 5.058
0.993306 -0.223419 5.059
0.993082 -0.227095 5.06
0.992855 -0.230768 5.061
0.992624 -0.234438 5.062
0.99239 -0.238105 5.063
0.992151 -0.241768 5.064
0.99191 -0.245429 5.065
0.991665 -0.249086 5.066
0.991416 -0.25274 5.067
0.991163 -0.25639 5.068
0.990908 -0.260037 5.069
0.990648 -0.263681 5.07
0.990385 -0.267321 5.071
0.990119 -0.270958 5.072
0.989849 -0.274591 5.073
0.989575 -0.27822 5.074
0.989298 -0.281846 5.075
0.989017 -0.285468 5.076
0.988733 -0.289086 5.077
0.988446 -0.2927 5.078
0.988155 -0.296311 5.079
0.98786 -0.299918 5.08
0.987562 -0.30352 5.081
0.987261 -0.307119 5.082
0.986956 -0.310714 5.083
0.986647 -0.314304 5.084
0.986335 -0.317891 5.085
0.98602 -0.321473 5.086
0.985701 -0.325051 5.087
0.985379 -0.328625 5.088
0.985054 -0.332195 5.089
0.984725 -0.33576 5.09
0.984393 -0.339321 5.091
0.984057 -0.342878 5.092
0.983718 -0.34643 5.093
0.983375 -0.349978 5.094
0.983029 -0.353521 5.095
0.98268 -0.35706 5.096
0.982328 -0.360594 5.097
0.981972 -0.364124 5.098
0.981613 -0.367649 5.099
0.98125 -0.371169 5.1
0.980884 -0.374685 5.101
0.980515 -0.378196 5.102
0.980142 -0.381703 5.103
0.979767 -0.385204 5.104
0.979388 -0.388701 5.105
0.979005 -0.392193 5.106
0.97862 -0.39568 5.107
0.978231 -0.399163 5.108
0.977839 -0.40264 5.109
0.977443 -0.406113 5.11
0.977045 -0.40958 5.111
0.976643 -0.413043 5.112
0.976238 -0.4165 5.113
0.97583 -0.419953 5.114
0.975418 -0.4234 5.115
0.975004 -0.426843 5.116
0.974586 -0.43028 5.117
0.974165 -0.433712 5.118
0.973741 -0.437139 5.119
0.973314 -0.440561 5.12
0.972884 -0.443978 5.121
0.97245 -0.44739 5.122
0.972013 -0.450796 5.123
0.971574 -0.454197 5.124
0.971131 -0.457593 5.125
0.970685 -0.460983 5.126
0.970236 -0.464368 5.127
0.969784 -0.467748 5.128
0.969329 -0.471123 5.129
0.96887 -0.474492 5.13
0.968409 -0.477856 5.131
0.967945 -0.481214 5.132
0.967478 -0.484567 5.133
0.967007 -0.487914 5.134
0.966534 -0.491257 5.135
0.966058 -0.494593 5.136
0.965578 -0.497924 5.137
0.965096 -0.50125 5.138
0.964611 -0.50457 5.139
0.964123 -0.507885 5.14
0.963632 -0.511194 5.141
0.963138 -0.514497 5.142
0.962641 -0.517795 5.143
0.962141 -0.521088 5.144
0.961638 -0.524374 5.145
0.961132 -0.527655 5.146
0.960623 -0.530931 5.147
0.960112 -0.534201 5.148
0.959598 -0.537465 5.149
0.959081 -0.540724 5.15
0.958561 -0.543977 5.151
0.958038 -0.547224 5.152
0.957512 -0.550466 5.153
0.956984 -0.553702 5.154
0.956452 -0.556932 5.155
0.955918 -0.560156 5.156
0.955381 -0.563375 5.157
0.954842 -0.566588 5.158
0.954299 -0.569795 5.159
0.953754 -0.572997 5.16
0.953206 -0.576193 5.161
0.952656 -0.579383 5.162
0.952102 -0.582567 5.163
0.951546 -0.585746 5.164
0.950988 -0.588918 5.165
0.950426 -0.592085 5.166
0.949862 -0.595246 5.167
0.949295 -0.598401 5.168
0.948726 -0.601551 5.169
0.948154 -0.604695 5.17
0.947579 -0.607832 5.171
0.947002 -0.610964 5.172
0.946422 -0.614091 5.173
0.94584 -0.617211 5.174
0.945255 -0.620325 5.175
0.944667 -0.623434 5.176
0.944077 -0.626537 5.177
0.943484 -0.629634 5.178
0.942889 -0.632725 5.179
0.942291 -0.63581 5.18
0.94169 -0.638889 5.181
0.941088 -0.641963 5.182
0.940482 -0.64503 5.183
0.939874 -0.648092 5.184
0.939264 -0.651148 5.185
0.938651 -0.654198 5.186
0.938036 -0.657242 5.187
0.937418 -0.66028 5.188
0.936798 -0.663312 5.189
0.936175 -0.666339 5.19
0.93555 -0.669359 5.191
0.934923 -0.672374 5.192
0.934293 -0.675383 5.193
0.933661 -0.678385 5.194
0.933026 -0.681382 5.195
0.932389 -0.684373 5.196
0.93175 -0.687359 5.197
0.931108 -0.690338 5.198
0.930465 -0.693311 5.199
0.929818 -0.696279 5.2
0.92917 -0.69924 5.201
0.928519 -0.702196 5.202
0.927866 -0.705146 5.203
0.92721 -0.70809 5.204
0.926553 -0.711028 5.205
0.925893 -0.71396 5.206
0.92523 -0.716887 5.207
0.924566 -0.719807 5.208
0.923899 -0.722722 5.209
0.923231 -0.72563 5.21
0.92256 -0.728533 5.211
0.921886 -0.73143 5.212
0.921211 -0.734321 5.213
0.920533 -0.737206 5.214
0.919854 -0.740086 5.215
0.919172 -0.742959 5.216
0.918488 -0.745827 5.217
0.917802 -0.748689 5.218
0.917114 -0.751545 5.219
0.916423 -0.754395 5.22
0.915731 -0.757239 5.221
0.915037 -0.760078 5.222
0.91434 -0.76291 5.223
0.913641 -0.765737 5.224
0.912941 -0.768558 5.225
0.912238 -0.771373 5.226
0.911533 -0.774182 5.227
0.910827 -0.776986 5.228
0.910118 -0.779784 5.229
0.909407 -0.782576 5.23
0.908695 -0.785362 5.231
0.90798 -0.788142 5.232
0.907263 -0.790917 5.233
0.906545 -0.793686 5.234
0.905824 -0.796449 5.235
0.905102 -0.799206 5.236
0.904378 -0.801957 5.237
0.903651 -0.804703 5.238
0.902923 -0.807443 5.239
0.902193 -0.810178 5.24
0.901461 -0.812906 5.241
0.900728 -0.815629 5.242
0.899992 -0.818346 5.243
0.899255 -0.821058 5.244
0.898515 -0.823763 5.245
0.897774 -0.826463 5.246
0.897032 -0.829158 5.247
0.896287 -0.831846 5.248
0.89554 -0.834529 5.249
0.894792 -0.837207 5.25
0.894042 -0.839878 5.251
0.89329 -0.842544 5.252
0.892537 -0.845205 5.253
0.891782 -0.847859 5.254
0.891025 -0.850508 5.255
0.890266 -0.853152 5.256
0.889506 -0.85579 5.257
0.888744 -0.858422 5.258
0.88798 -0.861049 5.259
0.887214 -0.86367 5.26
0.886447 -0.866285 5.261
0.885678 -0.868895 5.262
0.884908 -0.8715 5.263
0.884136 -0.874099 5.264
0.883362 -0.876692 5.265
0.882587 -0.87928 5.266
0.88181 -0.881862 5.267
0.881032 -0.884439 5.268
0.880252 -0.88701 5.269
0.87947 -0.889576 5.27
0.878687 -0.892136 5.271
0.877903 -0.894691 5.272
0.877116 -0.89724 5.273
0.876329 -0.899784 5.274
0.875539 -0.902322 5.275
0.874749 -0.904855 5.276
0.873956 -0.907383 5.277
0.873163 -0.909905 5.278
0.872367 -0.912422 5.279
0.871571 -0.914933 5.28
0.870772 -0.917439 5.281
0.869973 -0.91994 5.282
0.869172 -0.922435 5.283
0.868369 -0.924925 5.284
0.867565 -0.927409 5.285
0.86676 -0.929888 5.286
0.865953 -0.932362 5.287
0.865145 -0.934831 5.288
0.864336 -0.937294 5.289
0.863525 -0.939752 5.29
0.862713 -0.942205 5.291
0.861899 -0.944652 5.292
0.861085 -0.947094 5.293
0.860268 -0.949531 5.294
0.859451 -0.951963 5.295
0.858632 -0.95439 5.296
0.857812 -0.956811 5.297
0.85699 -0.959227 5.298
0.856168 -0.961638 5.299
0.855344 -0.964043 5.3
0.854519 -0.966444 5.301
0.853692 -0.968839 5.302
0.852864 -0.97123 5.303
0.852036 -0.973615 5.304
0.851205 -0.975995 5.305
0.850374 -0.97837 5.306
0.849541 -0.980739 5.307
0.848708 -0.983104 5.308
0.847873 -0.985464 5.309
0.847037 -0.987818 5.31
0.846199 -0.990168 5.311
0.845361 -0.992512 5.312
0.844521 -0.994852 5.313
0.84368 -0.997186 5.314
0.842839 -0.999516 5.315
0.841996 -1.00184 5.316
0.841151 -1.00416 5.317
0.840306 -1.00647 5.318
0.83946 -1.00878 5.319
0.838613 -1.01109 5.32
0.837764 -1.01339 5.321
0.836915 -1.01568 5.322
0.836064 -1.01797 5.323
0.835212 -1.02026 5.324
0.83436 -1.02254 5.325
0.833506 -1.02481 5.326
0.832651 -1.02708 5.327
0.831796 -1.02935 5.328
0.830939 -1.03161 5.329
0.830081 -1.03387 5.33
0.829223 -1.03612 5.331
0.828363 -1.03837 5.332
0.827502 -1.04061 5.333
0.826641 -1.04284 5.334
0.825778 -1.04508 5.335
0.824915 -1.0473 5.336
0.82405 -1.04953 5.337
0.823185 -1.05174 5.338
0.822319 -1.05396 5.339
0.821452 -1.05617 5.34
0.820584 -1.05837 5.341
0.819715 -1.06057 5.342
0.818845 -1.06276 5.343
0.817974 -1.06496 5.344
0.817103 -1.06714 5.345
0.81623 -1.06932 5.346
0.815357 -1.0715 5.347
0.814483 -1.07367 5.348
0.813608 -1.07584 5.349
0.812732 -1.078 5.35
0.811856 -1.08016 5.351
0.810978 -1.08231 5.352
0.8101 -1.08446 5.353
0.809221 -1.08661 5.354
0.808342 -1.08875 5.355
0.807461 -1.09088 5.356
0.80658 -1.09301 5.357
0.805698 -1.09514 5.358
0.804815 -1.09726 5.359
0.803932 -1.09938 5.36
0.803048 -1.10149 5.361
0.802163 -1.1036 5.362
0.801277 -1.10571 5.363
0.800391 -1.10781 5.364
0.799504 -1.10991 5.365
0.798616 -1.112 5.366
0.797728 -1.11409 5.367
0.796839 -1.11617 5.368
0.795949 -1.11825 5.369
0.795058 -1.12032 5.37
0.794167 -1.12239 5.371
0.793276 -1.12446 5.372
0.792383 -1.12652 5.373
0.79149 -1.12858 5.374
0.790597 -1.13064 5.375
0.789703 -1.13269 5.376
0.788808 -1.13473 5.377
0.787913 -1.13677 5.378
0.787017 -1.13881 5.379
0.78612 -1.14084 5.38
0.785223 -1.14287 5.381
0.784325 -1.1449 5.382
0.783427 -1.14692 5.383
0.782528 -1.14893 5.384
0.781629 -1.15095 5.385
0.780729 -1.15296 5.386
0.779829 -1.15496 5.387
0.778928 -1.15696 5.388
0.778026 -1.15896 5.389
0.777124 -1.16095 5.39
0.776222 -1.16294 5.391
0.775319 -1.16493 5.392
0.774415 -1.16691 5.393
0.773511 -1.16888 5.394
0.772607 -1.17086 5.395
0.771702 -1.17283 5.396
0.770797 -1.17479 5.397
0.769891 -1.17675 5.398
0.768985 -1.17871 5.399
0.768078 -1.18067 5.4
0.767171 -1.18262 5.401
0.766264 -1.18456 5.402
0.765356 -1.18651 5.403
0.764448 -1.18844 5.404
0.763539 -1.19038 5.405
0.76263 -1.19231 5.406
0.76172 -1.19424 5.407
0.76081 -1.19616 5.408
0.7599 -1.19808 5.409
0.75899 -1.2 5.41
0.758079 -1.20191 5.411
0.757167 -1.20382 5.412
0.756256 -1.20573 5.413
0.755344 -1.20763 5.414
0.754431 -1.20953 5.415
0.753519 -1.21142 5.416
0.752606 -1.21332 5.417
0.751692 -1.2152 5.418
0.750779 -1.21709 5.419
0.749865 -1.21897 5.42
0.748951 -1.22085 5.421
0.748036 -1.22272 5.422
0.747121 -1.22459 5.423
0.746206 -1.22646 5.424
0.745291 -1.22832 5.425
0.744375 -1.23018 5.426
0.74346 -1.23204 5.427
0.742543 -1.23389 5.428
0.741627 -1.23574 5.429
0.74071 -1.23759 5.43
0.739794 -1.23943 5.431
0.738877 -1.24127 5.432
0.737959 -1.24311 5.433
0.737042 -1.24494 5.434
0.736124 -1.24677 5.435
0.735206 -1.2486 5.436
0.734288 -1.25042 5.437
0.73337 -1.25224 5.438
0.732452 -1.25406 5.439
0.731533 -1.25587 5.44
0.730614 -1.25768 5.441
0.729695 -1.25949 5.442
0.728776 -1.2613 5.443
0.727857 -1.2631 5.444
0.726937 -1.2649 5.445
0.726018 -1.26669 5.446
0.725098 -1.26848 5.447
0.724178 -1.27027 5.448
0.723258 -1.27206 5.449
0.722338 -1.27384 5.45
0.721418 -1.27562 5.451
0.720498 -1.2774 5.452
0.719577 -1.27917 5.453
0.718657 -1.28094 5.454
0.717736 -1.28271 5.455
0.716815 -1.28447 5.456
0.715895 -1.28624 5.457
0.714974 -1.28799 5.458
0.714053 -1.28975 5.459
0.713132 -1.2915 5.46
0.712211 -1.29325 5.461
0.71129 -1.295 5.462
0.710369 -1.29675 5.463
0.709447 -1.29849 5.464
0.708526 -1.30023 5.465
0.707605 -1.30196 5.466
0.706684 -1.3037 5.467
0.705762 -1.30543 5.468
0.704841 -1.30715 5.469
0.70392 -1.30888 5.47
0.702998 -1.3106 5.471
0.702077 -1.31232 5.472
0.701156 -1.31404 5.473
0.700234 -1.31575 5.474
0.699313 -1.31746 5.475
0.698392 -1.31917 5.476
0.69747 -1.32088 5.477
0.696549 -1.32258 5.478
0.695628 -1.32429 5.479
0.694707 -1.32598 5.48
0.693786 -1.32768 5.481
0.692864 -1.32937 5.482
0.691943 -1.33106 5.483
0.691022 -1.33275 5.484
0.690101 -1.33444 5.485
0.689181 -1.33612 5.486
0.68826 -1.3378 5.487
0.687339 -1.33948 5.488
0.686418 -1.34116 5.489
0.685498 -1.34283 5.49
0.684577 -1.3445 5.491
0.683657 -1.34617 5.492
0.682737 -1.34784 5.493
0.681817 -1.3495 5.494
0.680897 -1.35117 5.495
0.679977 -1.35283 5.496
0.679057 -1.35448 5.497
0.678137 -1.35614 5.498
0.677218 -1.35779 5.499
0.676298 -1.35944 5.5
0.675379 -1.36109 5.501
0.67446 -1.36274 5.502
0.673541 -1.36438 5.503
0.672622 -1.36602 5.504
0.671703 -1.36766 5.505
0.670784 -1.3693 5.506
0.669866 -1.37093 5.507
0.668948 -1.37257 5.508
0.66803 -1.3742 5.509
0.667112 -1.37583 5.51
0.666194 -1.37746 5.511
0.665276 -1.37908 5.512
0.664359 -1.3807 5.513
0.663442 -1.38232 5.514
0.662525 -1.38394 5.515
0.661608 -1.38556 5.516
0.660691 -1.38717 5.517
0.659775 -1.38879 5.518
0.658859 -1.3904 5.519
0.657943 -1.39201 5.52
0.657027 -1.39361 5.521
0.656112 -1.39522 5.522
0.655196 -1.39682 5.523
0.654281 -1.39843 5.524
0.653366 -1.40002 5.525
0.652452 -1.40162 5.526
0.651537 -1.40322 5.527
0.650623 -1.40481 5.528
0.649709 -1.40641 5.529
0.648796 -1.408 5.53
0.647882 -1.40959 5.531
0.646969 -1.41117 5.532
0.646056 -1.41276 5.533
0.645144 -1.41434 5.534
0.644231 -1.41592 5.535
0.643319 -1.41751 5.536
0.642408 -1.41908 5.537
0.641496 -1.42066 5.538
0.640585 -1.42224 5.539
0.639674 -1.42381 5.54
0.638763 -1.42538 5.541
0.637853 -1.42696 5.542
0.636943 -1.42853 5.543
0.636033 -1.43009 5.544
0.635124 -1.43166 5.545
0.634215 -1.43322 5.546
0.633306 -1.43479 5.547
0.632397 -1.43635 5.548
0.631489 -1.43791 5.549
0.630581 -1.43947 5.55
0.629674 -1.44103 5.551
0.628767 -1.44258 5.552
0.62786 -1.44414 5.553
0.626953 -1.44569 5.554
0.626047 -1.44725 5.555
0.625141 -1.4488 5.556
0.624235 -1.45035 5.557
0.62333 -1.4519 5.558
0.622425 -1.45344 5.559
0.621521 -1.45499 5.56
0.620617 -1.45653 5.561
0.619713 -1.45808 5.562
0.61881 -1.45962 5.563
0.617907 -1.46116 5.564
0.617004 -1.4627 5.565
0.616102 -1.46424 5.566
0.6152 -1.46578 5.567
0.614298 -1.46731 5.568
0.613397 -1.46885 5.569
0.612496 -1.47038 5.57
0.611596 -1.47192 5.571
0.610696 -1.47345 5.572
0.609796 -1.47498 5.573
0.608897 -1.47651 5.574
0.607998 -1.47804 5.575
0.6071 -1.47957 5.576
0.606202 -1.4811 5.577
0.605304 -1.48262 5.578
0.604407 -1.48415 5.579
0.60351 -1.48567 5.58
0.602613 -1.4872 5.581
0.601717 -1.48872 5.582
0.600822 -1.49024 5.583
0.599927 -1.49176 5.584
0.599032 -1.49328 5.585
0.598138 -1.4948 5.586
0.597244 -1.49632 5.587
0.59635 -1.49784 5.588
0.595457 -1.49936 5.589
0.594565 -1.50087 5.59
0.593673 -1.50239 5.591
0.592781 -1.50391 5.592
0.59189 -1.50542 5.593
0.590999 -1.50693 5.594
0.590108 -1.50845 5.595
0.589218 -1.50996 5.596
0.588329 -1.51147 5.597
0.58744 -1.51298 5.598
0.586551 -1.5145 5.599
0.585663 -1.51601 5.6
0.584776 -1.51752 5.601
0.583889 -1.51903 5.602
0.583002 -1.52053 5.603
0.582116 -1.52204 5.604
0.58123 -1.52355 5.605
0.580345 -1.52506 5.606
0.57946 -1.52657 5.607
0.578575 -1.52807 5.608
0.577691 -1.52958 5.609
0.576808 -1.53108 5.61
0.575925 -1.53259 5.611
0.575043 -1.5341 5.612
0.574161 -1.5356 5.613
0.573279 -1.5371 5.614
0.572398 -1.53861 5.615
0.571518 -1.54011 5.616
0.570638 -1.54162 5.617
0.569759 -1.54312 5.618
0.56888 -1.54462 5.619
0.568001 -1.54613 5.62
0.567123 -1.54763 5.621
0.566246 -1.54913 5.622
0.565369 -1.55064 5.623
0.564492 -1.55214 5.624
0.563617 -1.55364 5.625
0.562741 -1.55515 5.626
0.561866 -1.55665 5.627
0.560992 -1.55815 5.628
0.560118 -1.55965 5.629
0.559245 -1.56116 5.63
0.558372 -1.56266 5.631
0.5575 -1.56416 5.632
0.556628 -1.56566 5.633
0.555757 -1.56717 5.634
0.554886 -1.56867 5.635
0.554016 -1.57017 5.636
0.553146 -1.57168 5.637
0.552277 -1.57318 5.638
0.551408 -1.57468 5.639
0.55054 -1.57619 5.64
0.549673 -1.57769 5.641
0.548806 -1.5792 5.642
0.54794 -1.5807 5.643
0.547074 -1.58221 5.644
0.546208 -1.58371 5.645
0.545344 -1.58522 5.646
0.544479 -1.58672 5.647
0.543616 -1.58823 5.648
0.542753 -1.58973 5.649
0.54189 -1.59124 5.65
0.541028 -1.59275 5.651
0.540167 -1.59426 5.652
0.539306 -1.59576 5.653
0.538445 -1.59727 5.654
0.537586 -1.59878 5.655
0.536727 -1.60029 5.656
0.535868 -1.6018 5.657
0.53501 -1.60331 5.658
0.534152 -1.60482 5.659
0.533295 -1.60634 5.66
0.532439 -1.60785 5.661
0.531583 -1.60936 5.662
0.530728 -1.61088 5.663
0.529873 -1.61239 5.664
0.529019 -1.61391 5.665
0.528166 -1.61542 5.666
0.527313 -1.61694 5.667
0.52646 -1.61846 5.668
0.525609 -1.61997 5.669
0.524758 -1.62149 5.67
0.523907 -1.62301 5.671
0.523057 -1.62453 5.672
0.522208 -1.62606 5.673
0.521359 -1.62758 5.674
0.52051 -1.6291 5.675
0.519663 -1.63063 5.676
0.518816 -1.63215 5.677
0.517969 -1.63368 5.678
0.517123 -1.6352 5.679
0.516278 -1.63673 5.68
0.515433 -1.63826 5.681
0.514589 -1.63979 5.682
0.513746 -1.64132 5.683
0.512903 -1.64285 5.684
0.51206 -1.64439 5.685
0.511219 -1.64592 5.686
0.510378 -1.64746 5.687
0.509537 -1.649 5.688
0.508697 -1.65053 5.689
0.507858 -1.65207 5.69
0.507019 -1.65361 5.691
0.506181 -1.65516 5.692
0.505343 -1.6567 5.693
0.504507 -1.65824 5.694
0.50367 -1.65979 5.695
0.502835 -1.66134 5.696
0.501999 -1.66288 5.697
0.501165 -1.66443 5.698
0.500331 -1.66599 5.699
0.499498 -1.66754 5.7
0.498665 -1.66909 5.701
0.497833 -1.67065 5.702
0.497002 -1.67221 5.703
0.496171 -1.67376 5.704
0.495341 -1.67533 5.705
0.494511 -1.67689 5.706
0.493682 -1.67845 5.707
0.492854 -1.68002 5.708
0.492026 -1.68158 5.709
0.491199 -1.68315 5.71
0.490373 -1.68472 5.711
0.489547 -1.68629 5.712
0.488722 -1.68787 5.713
0.487897 -1.68944 5.714
0.487073 -1.69102 5.715
0.48625 -1.6926 5.716
0.485427 -1.69418 5.717
0.484605 -1.69576 5.718
0.483784 -1.69735 5.719
0.482963 -1.69893 5.72
0.482143 -1.70052 5.721
0.481323 -1.70211 5.722
0.480504 -1.7037 5.723
0.479686 -1.7053 5.724
0.478868 -1.70689 5.725
0.478051 -1.70849 5.726
0.477235 -1.71009 5.727
0.476419 -1.71169 5.728
0.475604 -1.7133 5.729
0.474789 -1.7149 5.73
0.473975 -1.71651 5.731
0.473162 -1.71812 5.732
0.472349 -1.71974 5.733
0.471537 -1.72135 5.734
0.470726 -1.72297 5.735
0.469915 -1.72459 5.736
0.469105 -1.72621 5.737
0.468296 -1.72784 5.738
0.467487 -1.72946 5.739
0.466679 -1.73109 5.74
0.465871 -1.73272 5.741
0.465064 -1.73436 5.742
0.464258 -1.73599 5.743
0.463452 -1.73763 5.744
0.462647 -1.73928 5.745
0.461843 -1.74092 5.746
0.461039 -1.74257 5.747
0.460236 -1.74422 5.748
0.459434 -1.74587 5.749
0.458632 -1.74752 5.75
0.457831 -1.74918 5.751
0.45703 -1.75084 5.752
0.456231 -1.7525 5.753
0.455431 -1.75417 5.754
0.454633 -1.75583 5.755
0.453835 -1.7575 5.756
0.453037 -1.75918 5.757
0.452241 -1.76085 5.758
0.451445 -1.76253 5.759
0.450649 -1.76422 5.76
0.449855 -1.7659 5.761
0.449061 -1.76759 5.762
0.448267 -1.76928 5.763
0.447474 -1.77097 5.764
0.446682 -1.77267 5.765
0.445891 -1.77437 5.766
0.4451 -1.77608 5.767
0.44431 -1.77778 5.768
0.44352 -1.77949 5.769
0.442731 -1.7812 5.77
0.441943 -1.78292 5.771
0.441155 -1.78464 5.772
0.440368 -1.78636 5.773
0.439582 -1.78809 5.774
0.438796 -1.78982 5.775
0.438011 -1.79155 5.776
0.437227 -1.79328 5.777
0.436443 -1.79502 5.778
0.43566 -1.79677 5.779
0.434878 -1.79851 5.78
0.434096 -1.80026 5.781
0.433315 -1.80201 5.782
0.432534 -1.80377 5.783
0.431754 -1.80553 5.784
0.430975 -1.8073 5.785
0.430196 -1.80906 5.786
0.429419 -1.81083 5.787
0.428641 -1.81261 5.788
0.427865 -1.81439 5.789
0.427089 -1.81617 5.79
0.426313 -1.81795 5.791
0.425539 -1.81974 5.792
0.424765 -1.82154 5.793
0.423991 -1.82334 5.794
0.423218 -1.82514 5.795
0.422446 -1.82694 5.796
0.421675 -1.82875 5.797
0.420904 -1.83057 5.798
0.420134 -1.83238 5.799
0.419364 -1.8342 5.8
0.418595 -1.83603 5.801
0.417827 -1.83786 5.802
0.41706 -1.83969 5.803
0.416293 -1.84153 5.804
0.415526 -1.84337 5.805
0.414761 -1.84522 5.806
0.413996 -1.84707 5.807
0.413231 -1.84893 5.808
0.412468 -1.85078 5.809
0.411705 -1.85265 5.81
0.410942 -1.85452 5.811
0.41018 -1.85639 5.812
0.409419 -1.85827 5.813
0.408659 -1.86015 5.814
0.407899 -1.86203 5.815
0.40714 -1.86393 5.816
0.406381 -1.86582 5.817
0.405623 -1.86772 5.818
0.404866 -1.86963 5.819
0.404109 -1.87153 5.82
0.403353 -1.87345 5.821
0.402598 -1.87537 5.822
0.401843 -1.87729 5.823
0.401089 -1.87922 5.824
0.400336 -1.88115 5.825
0.399583 -1.88309 5.826
0.398831 -1.88504 5.827
0.398079 -1.88698 5.828
0.397329 -1.88894 5.829
0.396578 -1.8909 5.83
0.395829 -1.89286 5.831
0.39508 -1.89483 5.832
0.394332 -1.8968 5.833
0.393584 -1.89878 5.834
0.392837 -1.90077 5.835
0.392091 -1.90276 5.836
0.391345 -1.90475 5.837
0.3906 -1.90675 5.838
0.389855 -1.90876 5.839
0.389112 -1.91077 5.84
0.388368 -1.91279 5.841
0.387626 -1.91481 5.842
0.386884 -1.91684 5.843
0.386143 -1.91887 5.844
0.385402 -1.92091 5.845
0.384662 -1.92295 5.846
0.383923 -1.925 5.847
0.383184 -1.92706 5.848
0.382446 -1.92912 5.849
0.381708 -1.93119 5.85
0.380971 -1.93326 5.851
0.380235 -1.93534 5.852
0.3795 -1.93743 5.853
0.378765 -1.93952 5.854
0.37803 -1.94162 5.855
0.377297 -1.94372 5.856
0.376564 -1.94583 5.857
0.375831 -1.94795 5.858
0.3751 -1.95007 5.859
0.374368 -1.9522 5.86
0.373638 -1.95433 5.861
0.372908 -1.95647 5.862
0.372179 -1.95862 5.863
0.37145 -1.96077 5.864
0.370722 -1.96294 5.865
0.369995 -1.9651 5.866
0.369268 -1.96727 5.867
0.368542 -1.96945 5.868
0.367816 -1.97164 5.869
0.367091 -1.97383 5.87
0.366367 -1.97603 5.871
0.365643 -1.97824 5.872
0.36492 -1.98045 5.873
0.364198 -1.98267 5.874
0.363476 -1.9849 5.875
0.362755 -1.98714 5.876
0.362035 -1.98938 5.877
0.361315 -1.99162 5.878
0.360595 -1.99388 5.879
0.359877 -1.99614 5.88
0.359159 -1.99841 5.881
0.358441 -2.00069 5.882
0.357724 -2.00297 5.883
0.357008 -2.00526 5.884
0.356293 -2.00756 5.885
0.355578 -2.00987 5.886
0.354863 -2.01218 5.887
0.354149 -2.0145 5.888
0.353436 -2.01683 5.889
0.352724 -2.01917 5.89
0.352012 -2.02151 5.891
0.351301 -2.02386 5.892
0.35059 -2.02622 5.893
0.34988 -2.02859 5.894
0.34917 -2.03096 5.895
0.348462 -2.03335 5.896
0.347753 -2.03574 5.897
0.347046 -2.03814 5.898
0.346339 -2.04054 5.899
0.345632 -2.04296 5.9
0.344926 -2.04538 5.901
0.344221 -2.04781 5.902
0.343517 -2.05025 5.903
0.342813 -2.0527 5.904
0.342109 -2.05516 5.905
0.341407 -2.05762 5.906
0.340704 -2.0601 5.907
0.340003 -2.06258 5.908
0.339302 -2.06507 5.909
0.338601 -2.06757 5.91
0.337902 -2.07008 5.911
0.337202 -2.07259 5.912
0.336504 -2.07512 5.913
0.335806 -2.07765 5.914
0.335108 -2.08019 5.915
0.334412 -2.08275 5.916
0.333715 -2.08531 5.917
0.33302 -2.08788 5.918
0.332325 -2.09046 5.919
0.33163 -2.09305 5.92
0.330937 -2.09565 5.921
0.330243 -2.09825 5.922
0.329551 -2.10087 5.923
0.328859 -2.1035 5.924
0.328167 -2.10613 5.925
0.327476 -2.10878 5.926
0.326786 -2.11143 5.927
0.326096 -2.1141 5.928
0.325407 -2.11677 5.929
0.324719 -2.11946 5.93
0.324031 -2.12215 5.931
0.323344 -2.12486 5.932
0.322657 -2.12757 5.933
0.321971 -2.13029 5.934
0.321285 -2.13303 5.935
0.3206 -2.13577 5.936
0.319915 -2.13853 5.937
0.319232 -2.14129 5.938
0.318548 -2.14407 5.939
0.317866 -2.14686 5.94
0.317184 -2.14965 5.941
0.316502 -2.15246 5.942
0.315821 -2.15528 5.943
0.315141 -2.15811 5.944
0.314461 -2.16095 5.945
0.313782 -2.1638 5.946
0.313103 -2.16666 5.947
0.312425 -2.16953 5.948
0.311747 -2.17242 5.949
0.31107 -2.17531 5.95
0.310394 -2.17822 5.951
0.309718 -2.18114 5.952
0.309043 -2.18407 5.953
0.308368 -2.18701 5.954
0.307694 -2.18996 5.955
0.30702 -2.19292 5.956
0.306347 -2.1959 5.957
0.305675 -2.19889 5.958
0.305003 -2.20189 5.959
0.304332 -2.2049 5.96
0.303661 -2.20792 5.961
0.302991 -2.21096 5.962
0.302321 -2.214 5.963
0.301652 -2.21706 5.964
0.300984 -2.22013 5.965
0.300316 -2.22322 5.966
0.299648 -2.22632 5.967
0.298982 -2.22943 5.968
0.298315 -2.23255 5.969
0.29765 -2.23568 5.97
0.296984 -2.23883 5.971
0.29632 -2.24199 5.972
0.295656 -2.24516 5.973
0.294992 -2.24835 5.974
0.294329 -2.25155 5.975
0.293667 -2.25476 5.976
0.293005 -2.25799 5.977
0.292344 -2.26123 5.978
0.291683 -2.26448 5.979
0.291023 -2.26775 5.98
0.290363 -2.27103 5.981
0.289704 -2.27433 5.982
0.289045 -2.27763 5.983
0.288387 -2.28096 5.984
0.28773 -2.28429 5.985
0.287073 -2.28764 5.986
0.286416 -2.29101 5.987
0.28576 -2.29439 5.988
0.285105 -2.29778 5.989
0.28445 -2.30119 5.99
0.283796 -2.30461 5.991
0.283142 -2.30805 5.992
0.282489 -2.3115 5.993
0.281836 -2.31497 5.994
0.281184 -2.31845 5.995
0.280532 -2.32195 5.996
0.279881 -2.32546 5.997
0.27923 -2.32899 5.998
0.27858 -2.33253 5.999
0.277931 -2.33609 6
0.277282 -2.33966 6.001
0.276633 -2.34325 6.002
0.275985 -2.34686 6.003
0.275338 -2.35048 6.004
0.274691 -2.35412 6.005
0.274045 -2.35777 6.006
0.273399 -2.36144 6.007
0.272753 -2.36513 6.008
0.272109 -2.36883 6.009
0.271464 -2.37255 6.01
0.27082 -2.37629 6.011
0.270177 -2.38004 6.012
0.269534 -2.38381 6.013
0.268892 -2.3876 6.014
0.26825 -2.3914 6.015
0.267609 -2.39522 6.016
0.266968 -2.39906 6.017
0.266328 -2.40292 6.018
0.265689 -2.40679 6.019
0.265049 -2.41068 6.02
0.264411 -2.41459 6.021
0.263772 -2.41852 6.022
0.263135 -2.42247 6.023
0.262498 -2.42643 6.024
0.261861 -2.43041 6.025
0.261225 -2.43441 6.026
0.260589 -2.43843 6.027
0.259954 -2.44247 6.028
0.259319 -2.44653 6.029
0.258685 -2.4506 6.03
0.258051 -2.4547 6.031
0.257418 -2.45881 6.032
0.256785 -2.46295 6.033
0.256153 -2.4671 6.034
0.255521 -2.47128 6.035
0.25489 -2.47547 6.036
0.25426 -2.47968 6.037
0.253629 -2.48391 6.038
0.253 -2.48817 6.039
0.25237 -2.49244 6.04
0.251742 -2.49674 6.041
0.251113 -2.50105 6.042
0.250485 -2.50539 6.043
0.249858 -2.50974 6.044
0.249231 -2.51412 6.045
0.248605 -2.51852 6.046
0.247979 -2.52294 6.047
0.247354 -2.52738 6.048
0.246729 -2.53185 6.049
0.246104 -2.53633 6.05
0.24548 -2.54084 6.051
0.244857 -2.54537 6.052
0.244234 -2.54992 6.053
0.243611 -2.5545 6.054
0.242989 -2.5591 6.055
0.242368 -2.56372 6.056
0.241746 -2.56836 6.057
0.241126 -2.57303 6.058
0.240506 -2.57772 6.059
0.239886 -2.58243 6.06
0.239267 -2.58717 6.061
0.238648 -2.59193 6.062
0.23803 -2.59671 6.063
0.237412 -2.60152 6.064
0.236794 -2.60636 6.065
0.236177 -2.61122 6.066
0.235561 -2.6161 6.067
0.234945 -2.62101 6.068
0.234329 -2.62594 6.069
0.233714 -2.6309 6.07
0.2331 -2.63588 6.071
0.232485 -2.64089 6.072
0.231872 -2.64593 6.073
0.231258 -2.65099 6.074
0.230645 -2.65608 6.075
0.230033 -2.66119 6.076
0.229421 -2.66633 6.077
0.22881 -2.6715 6.078
0.228199 -2.67669 6.079
0.227588 -2.68191 6.08
0.226978 -2.68716 6.081
0.226368 -2.69244 6.082
0.225759 -2.69775 6.083
0.22515 -2.70308 6.084
0.224542 -2.70844 6.085
0.223934 -2.71383 6.086
0.223326 -2.71925 6.087
0.222719 -2.7247 6.088
0.222113 -2.73017 6.089
0.221506 -2.73568 6.09
0.220901 -2.74121 6.091
0.220295 -2.74678 6.092
0.21969 -2.75237 6.093
0.219086 -2.758 6.094
0.218482 -2.76366 6.095
0.217878 -2.76934 6.096
0.217275 -2.77506 6.097
0.216672 -2.78081 6.098
0.21607 -2.78659 6.099
0.215468 -2.79241 6.1
0.214867 -2.79825 6.101
0.214266 -2.80413 6.102
0.213665 -2.81004 6.103
0.213065 -2.81598 6.104
0.212465 -2.82196 6.105
0.211866 -2.82796 6.106
0.211267 -2.83401 6.107
0.210668 -2.84008 6.108
0.21007 -2.84619 6.109
0.209473 -2.85234 6.11
0.208875 -2.85852 6.111
0.208278 -2.86473 6.112
0.207682 -2.87098 6.113
0.207086 -2.87726 6.114
0.20649 -2.88359 6.115
0.205895 -2.88994 6.116
0.2053 -2.89634 6.117
0.204706 -2.90277 6.118
0.204112 -2.90923 6.119
0.203518 -2.91574 6.12
0.202925 -2.92228 6.121
0.202332 -2.92886 6.122
0.20174 -2.93548 6.123
0.201148 -2.94213 6.124
0.200556 -2.94883 6.125
0.199965 -2.95556 6.126
0.199374 -2.96234 6.127
0.198784 -2.96915 6.128
0.198194 -2.976 6.129
0.197604 -2.9829 6.13
0.197015 -2.98983 6.131
0.196426 -2.99681 6.132
0.195838 -3.00383 6.133
0.19525 -3.01089 6.134
0.194662 -3.01799 6.135
0.194075 -3.02513 6.136
0.193488 -3.03232 6.137
0.192901 -3.03955 6.138
0.192315 -3.04683 6.139
0.191729 -3.05414 6.14
0.191144 -3.06151 6.141
0.190559 -3.06892 6.142
0.189974 -3.07637 6.143
0.18939 -3.08387 6.144
0.188806 -3.09141 6.145
0.188223 -3.099 6.146
0.18764 -3.10664 6.147
0.187057 -3.11433 6.148
0.186474 -3.12206 6.149
0.185892 -3.12984 6.15
0.185311 -3.13767 6.151
0.18473 -3.14555 6.152
0.184149 -3.15348 6.153
0.183568 -3.16146 6.154
0.182988 -3.16948 6.155
0.182408 -3.17756 6.156
0.181829 -3.18569 6.157
0.18125 -3.19388 6.158
0.180671 -3.20211 6.159
0.180093 -3.2104 6.16
0.179515 -3.21874 6.161
0.178937 -3.22713 6.162
0.17836 -3.23558 6.163
0.177783 -3.24408 6.164
0.177206 -3.25263 6.165
0.17663 -3.26125 6.166
0.176054 -3.26991 6.167
0.175479 -3.27864 6.168
0.174904 -3.28742 6.169
0.174329 -3.29626 6.17
0.173754 -3.30516 6.171
0.17318 -3.31412 6.172
0.172606 -3.32313 6.173
0.172033 -3.33221 6.174
0.17146 -3.34134 6.175
0.170887 -3.35054 6.176
0.170315 -3.3598 6.177
0.169743 -3.36912 6.178
0.169171 -3.37851 6.179
0.1686 -3.38795 6.18
0.168029 -3.39746 6.181
0.167458 -3.40704 6.182
0.166888 -3.41668 6.183
0.166317 -3.42639 6.184
0.165748 -3.43616 6.185
0.165178 -3.446 6.186
0.164609 -3.45591 6.187
0.164041 -3.46589 6.188
0.163472 -3.47594 6.189
0.162904 -3.48605 6.19
0.162337 -3.49624 6.191
0.161769 -3.5065 6.192
0.161202 -3.51683 6.193
0.160635 -3.52723 6.194
0.160069 -3.53771 6.195
0.159503 -3.54826 6.196
0.158937 -3.55888 6.197
0.158371 -3.56958 6.198
0.157806 -3.58036 6.199
0.157241 -3.59122 6.2
0.156677 -3.60215 6.201
0.156113 -3.61316 6.202
0.155549 -3.62425 6.203
0.154985 -3.63542 6.204
0.154422 -3.64668 6.205
0.153859 -3.65801 6.206
0.153296 -3.66943 6.207
0.152734 -3.68093 6.208
0.152172 -3.69252 6.209
0.15161 -3.7042 6.21
0.151049 -3.71596 6.211
0.150488 -3.7278 6.212
0.149927 -3.73974 6.213
0.149366 -3.75177 6.214
0.148806 -3.76388 6.215
0.148246 -3.77609 6.216
0.147686 -3.78839 6.217
0.147127 -3.80078 6.218
0.146568 -3.81327 6.219
0.146009 -3.82585 6.22
0.145451 -3.83853 6.221
0.144893 -3.85131 6.222
0.144335 -3.86419 6.223
0.143777 -3.87716 6.224
0.14322 -3.89024 6.225
0.142663 -3.90342 6.226
0.142106 -3.9167 6.227
0.14155 -3.93009 6.228
0.140993 -3.94358 6.229
0.140438 -3.95718 6.23
0.139882 -3.97089 6.231
0.139327 -3.9847 6.232
0.138772 -3.99863 6.233
0.138217 -4.01267 6.234
0.137662 -4.02682 6.235
0.137108 -4.04108 6.236
0.136554 -4.05547 6.237
0.136001 -4.06996 6.238
0.135447 -4.08458 6.239
0.134894 -4.09932 6.24
0.134341 -4.11418 6.241
0.133789 -4.12916 6.242
0.133236 -4.14426 6.243
0.132684 -4.15949 6.244
0.132133 -4.17485 6.245
0.131581 -4.19034 6.246
0.13103 -4.20595 6.247
0.130479 -4.2217 6.248
0.129928 -4.23758 6.249
0.129378 -4.2536 6.25
0.128828 -4.26976 6.251
0.128278 -4.28605 6.252
0.127728 -4.30248 6.253
0.127179 -4.31906 6.254
0.126629 -4.33578 6.255
0.126081 -4.35264 6.256
0.125532 -4.36965 6.257
0.124983 -4.38681 6.258
0.124435 -4.40413 6.259
0.123887 -4.42159 6.26
0.12334 -4.43921 6.261
0.122792 -4.45699 6.262
0.122245 -4.47493 6.263
0.121698 -4.49302 6.264
0.121152 -4.51129 6.265
0.120605 -4.52971 6.266
0.120059 -4.54831 6.267
0.119513 -4.56707 6.268
0.118967 -4.58601 6.269
0.118422 -4.60512 6.27
0.117877 -4.62441 6.271
0.117332 -4.64388 6.272
0.116787 -4.66353 6.273
0.116242 -4.68336 6.274
0.115698 -4.70338 6.275
0.115154 -4.72359 6.276
0.11461 -4.74399 6.277
0.114067 -4.76459 6.278
0.113523 -4.78538 6.279
0.11298 -4.80637 6.28
0.112437 -4.82757 6.281
0.111895 -4.84897 6.282
0.111352 -4.87058 6.283
0.11081 -4.89241 6.284
0.110268 -4.91444 6.285
0.109726 -4.9367 6.286
0.109184 -4.95917 6.287
0.108643 -4.98187 6.288
0.108102 -5.0048 6.289
0.107561 -5.02795 6.29
0.10702 -5.05135 6.291
0.10648 -5.07498 6.292
0.10594 -5.09885 6.293
0.1054 -5.12296 6.294
0.10486 -5.14732 6.295
0.10432 -5.17194 6.296
0.103781 -5.19681 6.297
0.103241 -5.22194 6.298
0.102702 -5.24734 6.299
0.102164 -5.273 6.3
0.101625 -5.29894 6.301
0.101087 -5.32515 6.302
0.100548 -5.35164 6.303
0.10001 -5.37842 6.304
0.0994726 -5.40549 6.305
0.098935 -5.43285 6.306
0.0983976 -5.46051 6.307
0.0978604 -5.48848 6.308
0.0973234 -5.51675 6.309
0.0967866 -5.54534 6.31
0.09625 -5.57424 6.311
0.0957136 -5.60348 6.312
0.0951774 -5.63304 6.313
0.0946413 -5.66293 6.314
0.0941055 -5.69317 6.315
0.0935698 -5.72375 6.316
0.0930343 -5.75468 6.317
0.0924991 -5.78598 6.318
0.091964 -5.81763 6.319
0.091429 -5.84966 6.32
0.0908943 -5.88207 6.321
0.0903598 -5.91486 6.322
0.0898254 -5.94803 6.323
0.0892912 -5.98161 6.324
0.0887572 -6.01559 6.325
0.0882234 -6.04998 6.326
0.0876897 -6.08479 6.327
0.0871562 -6.12003 6.328
0.0866229 -6.1557 6.329
0.0860898 -6.19181 6.33
0.0855568 -6.22838 6.331
0.085024 -6.2654 6.332
0.0844914 -6.30289 6.333
0.083959 -6.34085 6.334
0.0834267 -6.3793 6.335
0.0828946 -6.41824 6.336
0.0823626 -6.45769 6.337
0.0818308 -6.49765 6.338
0.0812992 -6.53813 6.339
0.0807677 -6.57914 6.34
0.0802365 -6.6207 6.341
0.0797053 -6.66281 6.342
0.0791743 -6.70549 6.343
0.0786435 -6.74874 6.344
0.0781129 -6.79259 6.345
0.0775824 -6.83703 6.346
0.077052 -6.88208 6.347
0.0765218 -6.92776 6.348
0.0759918 -6.97408 6.349
0.0754619 -7.02104 6.35
0.0749321 -7.06867 6.351
0.0744025 -7.11698 6.352
0.0738731 -7.16598 6.353
0.0733438 -7.21569 6.354
0.0728147 -7.26612 6.355
0.0722857 -7.3173 6.356
0.0717568 -7.36922 6.357
0.0712281 -7.42192 6.358
0.0706995 -7.4754 6.359
0.0701711 -7.52969 6.36
0.0696428 -7.5848 6.361
0.0691147 -7.64076 6.362
0.0685866 -7.69758 6.363
0.0680588 -7.75528 6.364
0.067531 -7.81388 6.365
0.0670034 -7.87341 6.366
0.066476 -7.93388 6.367
0.0659486 -7.99532 6.368
0.0654214 -8.05775 6.369
0.0648943 -8.12119 6.37
0.0643674 -8.18567 6.371
0.0638406 -8.25122 6.372
0.0633139 -8.31785 6.373
0.0627873 -8.38561 6.374
0.0622609 -8.45451 6.375
0.0617346 -8.52459 6.376
0.0612084 -8.59587 6.377
0.0606823 -8.66839 6.378
0.0601564 -8.74217 6.379
0.0596305 -8.81726 6.38
0.0591048 -8.89368 6.381
0.0585792 -8.97148 6.382
0.0580538 -9.05068 6.383
0.0575284 -9.13133 6.384
0.0570032 -9.21347 6.385
0.056478 -9.29714 6.386
0.055953 -9.38237 6.387
0.0554281 -9.46922 6.388
0.0549033 -9.55773 6.389
0.0543786 -9.64795 6.39
0.0538541 -9.73993 6.391
0.0533296 -9.83371 6.392
0.0528052 -9.92936 6.393
0.052281 -10.0269 6.394
0.0517568 -10.1265 6.395
0.0512328 -10.2281 6.396
0.0507088 -10.3317 6.397
0.050185 -10.4376 6.398
0.0496612 -10.5457 6.399
0.0491376 -10.656 6.4
0.048614 -10.7688 6.401
0.0480906 -10.884 6.402
0.0475672 -11.0018 6.403
0.047044 -11.1221 6.404
0.0465208 -11.2452 6.405
0.0459977 -11.3711 6.406
0.0454747 -11.4999 6.407
0.0449518 -11.6316 6.408
0.044429 -11.7665 6.409
0.0439063 -11.9046 6.41
0.0433837 -12.046 6.411
0.0428612 -12.1908 6.412
0.0423387 -12.3393 6.413
0.0418164 -12.4914 6.414
0.0412941 -12.6474 6.415
0.0407719 -12.8074 6.416
0.0402498 -12.9715 6.417
0.0397277 -13.1399 6.418
0.0392058 -13.3129 6.419
0.0386839 -13.4905 6.42
0.0381621 -13.6729 6.421
0.0376403 -13.8604 6.422
0.0371187 -14.0532 6.423
0.0365971 -14.2515 6.424
0.0360756 -14.4555 6.425
0.0355542 -14.6655 6.426
0.0350328 -14.8817 6.427
0.0345116 -15.1045 6.428
0.0339903 -15.3341 6.429
0.0334692 -15.5708 6.43
0.0329481 -15.8151 6.431
0.0324271 -16.0671 6.432
0.0319062 -16.3274 6.433
0.0313853 -16.5964 6.434
0.0308645 -16.8744 6.435
0.0303437 -17.162 6.436
0.029823 -17.4596 6.437
0.0293024 -17.7678 6.438
0.0287818 -18.0871 6.439
0.0282613 -18.4182 6.44
0.0277409 -18.7617 6.441
0.0272205 -19.1183 6.442
0.0267001 -19.4888 6.443
0.0261799 -19.8741 6.444
0.0256596 -20.2749 6.445
0.0251395 -20.6924 6.446
0.0246194 -21.1274 6.447
0.0240993 -21.5813 6.448
0.0235793 -22.0551 6.449
0.0230593 -22.5503 6.45
0.0225394 -23.0684 6.451
0.0220196 -23.6108 6.452
0.0214998 -24.1795 6.453
0.02098 -24.7764 6.454
0.0204603 -25.4035 6.455
0.0199406 -26.0634 6.456
0.019421 -26.7585 6.457
0.0189015 -27.4918 6.458
0.0183819 -28.2665 6.459
0.0178625 -29.0862 6.46
0.017343 -29.9549 6.461
0.0168237 -30.8773 6.462
0.0163043 -31.8583 6.463
0.0157851 -32.9039 6.464
0.0152658 -34.0204 6.465
0.0147466 -35.2155 6.466
0.0142275 -36.4977 6.467
0.0137084 -37.8768 6.468
0.0131894 -39.3642 6.469
0.0126704 -40.9733 6.47
0.0121515 -42.7196 6.471
0.0116326 -44.6213 6.472
0.0111138 -46.7001 6.473
0.0105951 -48.982 6.474
0.0100765 -51.4982 6.475
0.0095579 -54.2865 6.476
0.00903943 -57.3936 6.477
0.00852106 -60.8774 6.478
0.00800281 -64.8104 6.479
0.00748469 -69.2853 6.48
0.00696674 -74.422 6.481
0.00644899 -80.3784 6.482
0.00593147 -87.3668 6.483
0.00541425 -95.679 6.484
0.00489741 -105.728 6.485
0.00438107 -118.118 6.486
0.0038654 -133.764 6.487
0.00335066 -154.128 6.488
0.0028373 -181.683 6.489
0.00232607 -220.959 6.49
0.00181838 -281.163 6.491
0.00131722 -384.003 6.492
0.000830054 -593.518 6.493
0.000380788 -1185.88 6.494
8.79808e-005 -4754.3 6.495
0.00203337 -262549 6.496
9199.45 -1.20607e+012 6.497
4.03478e+030 -5.2897e+038 6.498
1.49298e+137 -1.95733e+145 6.499
inf -inf 6.5
nan -inf 6.501
nan -inf 6.502
nan -inf 6.503
nan -inf 6.504
nan -inf 6.505
nan -inf 6.506
nan -inf 6.507
nan -inf 6.508
nan -inf 6.509
nan -inf 6.51
nan -inf 6.511
nan -inf 6.512
nan -inf 6.513
nan -inf 6.514
nan -inf 6.515
nan -inf 6.516
nan -inf 6.517
nan -inf 6.518
nan -inf 6.519
nan -inf 6.52
nan -inf 6.521
nan -inf 6.522
nan -inf 6.523
nan -inf 6.524
nan -inf 6.525
nan -inf 6.526
nan -inf 6.527
nan -inf 6.528
nan -inf 6.529
nan -inf 6.53
nan -inf 6.531
nan -inf 6.532
nan -inf 6.533
nan -inf 6.534
nan -inf 6.535
nan -inf 6.536
nan -inf 6.537
nan -inf 6.538
nan -inf 6.539
nan -inf 6.54
nan -inf 6.541
nan -inf 6.542
nan -inf 6.543
nan -inf 6.544
nan -inf 6.545
nan -inf 6.546
nan -inf 6.547
nan -inf 6.548
nan -inf 6.549
nan -inf 6.55
nan -inf 6.551
nan -inf 6.552
nan -inf 6.553
nan -inf 6.554
nan -inf 6.555
nan -inf 6.556
nan -inf 6.557
nan -inf 6.558
nan -inf 6.559
nan -inf 6.56
nan -inf 6.561
nan -inf 6.562
nan -inf 6.563
nan -inf 6.564
nan -inf 6.565
nan -inf 6.566
nan -inf 6.567
nan -inf 6.568
nan -inf 6.569
nan -inf 6.57
nan -inf 6.571
nan -inf 6.572
nan -inf 6.573
nan -inf 6.574
nan -inf 6.575
nan -inf 6.576
nan -inf 6.577
nan -inf 6.578
nan -inf 6.579
nan -inf 6.58
nan -inf 6.581
nan -inf 6.582
nan -inf 6.583
nan -inf 6.584
nan -inf 6.585
nan -inf 6.586
nan -inf 6.587
nan -inf 6.588
nan -inf 6.589
nan -inf 6.59
nan -inf 6.591
nan -inf 6.592
nan -inf 6.593
nan -inf 6.594
nan -inf 6.595
nan -inf 6.596
nan -inf 6.597
nan -inf 6.598
nan -inf 6.599
nan -inf 6.6
nan -inf 6.601
nan -inf 6.602
nan -inf 6.603
nan -inf 6.604
nan -inf 6.605
nan -inf 6.606
nan -inf 6.607
nan -inf 6.608
nan -inf 6.609
nan -inf 6.61
nan -inf 6.611
nan -inf 6.612
nan -inf 6.613
nan -inf 6.614
nan -inf 6.615
nan -inf 6.616
nan -inf 6.617
nan -inf 6.618
nan -inf 6.619
nan -inf 6.62
nan -inf 6.621
nan -inf 6.622
nan -inf 6.623
nan -inf 6.624
nan -inf 6.625
nan -inf 6.626
nan -inf 6.627
nan -inf 6.628
nan -inf 6.629
nan -inf 6.63
nan -inf 6.631
nan -inf 6.632
nan -inf 6.633
nan -inf 6.634
nan -inf 6.635
nan -inf 6.636
nan -inf 6.637
nan -inf 6.638
nan -inf 6.639
nan -inf 6.64
nan -inf 6.641
nan -inf 6.642
nan -inf 6.643
nan -inf 6.644
nan -inf 6.645
nan -inf 6.646
nan -inf 6.647
nan -inf 6.648
nan -inf 6.649
nan -inf 6.65
nan -inf 6.651
nan -inf 6.652
nan -inf 6.653
nan -inf 6.654
nan -inf 6.655
nan -inf 6.656
nan -inf 6.657
nan -inf 6.658
nan -inf 6.659
nan -inf 6.66
nan -inf 6.661
nan -inf 6.662
nan -inf 6.663
nan -inf 6.664
nan -inf 6.665
nan -inf 6.666
nan -inf 6.667
nan -inf 6.668
nan -inf 6.669
nan -inf 6.67
nan -inf 6.671
nan -inf 6.672
nan -inf 6.673
nan -inf 6.674
nan -inf 6.675
nan -inf 6.676
nan -inf 6.677
nan -inf 6.678
nan -inf 6.679
nan -inf 6.68
nan -inf 6.681
nan -inf 6.682
nan -inf 6.683
nan -inf 6.684
nan -inf 6.685
nan -inf 6.686
nan -inf 6.687
nan -inf 6.688
nan -inf 6.689
nan -inf 6.69
nan -inf 6.691
nan -inf 6.692
nan -inf 6.693
nan -inf 6.694
nan -inf 6.695
nan -inf 6.696
nan -inf 6.697
nan -inf 6.698
nan -inf 6.699
nan -inf 6.7
nan -inf 6.701
nan -inf 6.702
nan -inf 6.703
nan -inf 6.704
nan -inf 6.705
nan -inf 6.706
nan -inf 6.707
nan -inf 6.708
nan -inf 6.709
nan -inf 6.71
nan -inf 6.711
nan -inf 6.712
nan -inf 6.713
nan -inf 6.714
nan -inf 6.715
nan -inf 6.716
nan -inf 6.717
nan -inf 6.718
nan -inf 6.719
nan -inf 6.72
nan -inf 6.721
nan -inf 6.722
nan -inf 6.723
nan -inf 6.724
nan -inf 6.725
nan -inf 6.726
nan -inf 6.727
nan -inf 6.728
nan -inf 6.729
nan -inf 6.73
nan -inf 6.731
nan -inf 6.732
nan -inf 6.733
nan -inf 6.734
nan -inf 6.735
nan -inf 6.736
nan -inf 6.737
nan -inf 6.738
nan -inf 6.739
nan -inf 6.74
nan -inf 6.741
nan -inf 6.742
nan -inf 6.743
nan -inf 6.744
nan -inf 6.745
nan -inf 6.746
nan -inf 6.747
nan -inf 6.748
nan -inf 6.749
nan -inf 6.75
nan -inf 6.751
nan -inf 6.752
nan -inf 6.753
nan -inf 6.754
nan -inf 6.755
nan -inf 6.756
nan -inf 6.757
nan -inf 6.758
nan -inf 6.759
nan -inf 6.76
nan -inf 6.761
nan -inf 6.762
nan -inf 6.763
nan -inf 6.764
nan -inf 6.765
nan -inf 6.766
nan -inf 6.767
nan -inf 6.768
nan -inf 6.769
nan -inf 6.77
nan -inf 6.771
nan -inf 6.772
nan -inf 6.773
nan -inf 6.774
nan -inf 6.775
nan -inf 6.776
nan -inf 6.777
nan -inf 6.778
nan -inf 6.779
nan -inf 6.78
nan -inf 6.781
nan -inf 6.782
nan -inf 6.783
nan -inf 6.784
nan -inf 6.785
nan -inf 6.786
nan -inf 6.787
nan -inf 6.788
nan -inf 6.789
nan -inf 6.79
nan -inf 6.791
nan -inf 6.792
nan -inf 6.793
nan -inf 6.794
nan -inf 6.795
nan -inf 6.796
nan -inf 6.797
nan -inf 6.798
nan -inf 6.799
nan -inf 6.8
nan -inf 6.801
nan -inf 6.802
nan -inf 6.803
nan -inf 6.804
nan -inf 6.805
nan -inf 6.806
nan -inf 6.807
nan -inf 6.808
nan -inf 6.809
nan -inf 6.81
nan -inf 6.811
nan -inf 6.812
nan -inf 6.813
nan -inf 6.814
nan -inf 6.815
nan -inf 6.816
nan -inf 6.817
nan -inf 6.818
nan -inf 6.819
nan -inf 6.82
nan -inf 6.821
nan -inf 6.822
nan -inf 6.823
nan -inf 6.824
nan -inf 6.825
nan -inf 6.826
nan -inf 6.827
nan -inf 6.828
nan -inf 6.829
nan -inf 6.83
nan -inf 6.831
nan -inf 6.832
nan -inf 6.833
nan -inf 6.834
nan -inf 6.835
nan -inf 6.836
nan -inf 6.837
nan -inf 6.838
nan -inf 6.839
nan -inf 6.84
nan -inf 6.841
nan -inf 6.842
nan -inf 6.843
nan -inf 6.844
nan -inf 6.845
nan -inf 6.846
nan -inf 6.847
nan -inf 6.848
nan -inf 6.849
nan -inf 6.85
nan -inf 6.851
nan -inf 6.852
nan -inf 6.853
nan -inf 6.854
nan -inf 6.855
nan -inf 6.856
nan -inf 6.857
nan -inf 6.858
nan -inf 6.859
nan -inf 6.86
nan -inf 6.861
nan -inf 6.862
nan -inf 6.863
nan -inf 6.864
nan -inf 6.865
nan -inf 6.866
nan -inf 6.867
nan -inf 6.868
nan -inf 6.869
nan -inf 6.87
nan -inf 6.871
nan -inf 6.872
nan -inf 6.873
nan -inf 6.874
nan -inf 6.875
nan -inf 6.876
nan -inf 6.877
nan -inf 6.878
nan -inf 6.879
nan -inf 6.88
nan -inf 6.881
nan -inf 6.882
nan -inf 6.883
nan -inf 6.884
nan -inf 6.885
nan -inf 6.886
nan -inf 6.887
nan -inf 6.888
nan -inf 6.889
nan -inf 6.89
nan -inf 6.891
nan -inf 6.892
nan -inf 6.893
nan -inf 6.894
nan -inf 6.895
nan -inf 6.896
nan -inf 6.897
nan -inf 6.898
nan -inf 6.899
nan -inf 6.9
nan -inf 6.901
nan -inf 6.902
nan -inf 6.903
nan -inf 6.904
nan -inf 6.905
nan -inf 6.906
nan -inf 6.907
nan -inf 6.908
nan -inf 6.909
nan -inf 6.91
nan -inf 6.911
nan -inf 6.912
nan -inf 6.913
nan -inf 6.914
nan -inf 6.915
nan -inf 6.916
nan -inf 6.917
nan -inf 6.918
nan -inf 6.919
nan -inf 6.92
nan -inf 6.921
nan -inf 6.922
nan -inf 6.923
nan -inf 6.924
nan -inf 6.925
nan -inf 6.926
nan -inf 6.927
nan -inf 6.928
nan -inf 6.929
nan -inf 6.93
nan -inf 6.931
nan -inf 6.932
nan -inf 6.933
nan -inf 6.934
nan -inf 6.935
nan -inf 6.936
nan -inf 6.937
nan -inf 6.938
nan -inf 6.939
nan -inf 6.94
nan -inf 6.941
nan -inf 6.942
nan -inf 6.943
nan -inf 6.944
nan -inf 6.945
nan -inf 6.946
nan -inf 6.947
nan -inf 6.948
nan -inf 6.949
nan -inf 6.95
nan -inf 6.951
nan -inf 6.952
nan -inf 6.953
nan -inf 6.954
nan -inf 6.955
nan -inf 6.956
nan -inf 6.957
nan -inf 6.958
nan -inf 6.959
nan -inf 6.96
nan -inf 6.961
nan -inf 6.962
nan -inf 6.963
nan -inf 6.964
nan -inf 6.965
nan -inf 6.966
nan -inf 6.967
nan -inf 6.968
nan -inf 6.969
nan -inf 6.97
nan -inf 6.971
nan -inf 6.972
nan -inf 6.973
nan -inf 6.974
nan -inf 6.975
nan -inf 6.976
nan -inf 6.977
nan -inf 6.978
nan -inf 6.979
nan -inf 6.98
nan -inf 6.981
nan -inf 6.982
nan -inf 6.983
nan -inf 6.984
nan -inf 6.985
nan -inf 6.986
nan -inf 6.987
nan -inf 6.988
nan -inf 6.989
nan -inf 6.99
nan -inf 6.991
nan -inf 6.992
nan -inf 6.993
nan -inf 6.994
nan -inf 6.995
nan -inf 6.996
nan -inf 6.997
nan -inf 6.998
nan -inf 6.999
nan -inf 7
nan -inf 7.001
nan -inf 7.002
nan -inf 7.003
nan -inf 7.004
nan -inf 7.005
nan -inf 7.006
nan -inf 7.007
nan -inf 7.008
nan -inf 7.009
nan -inf 7.01
nan -inf 7.011
nan -inf 7.012
nan -inf 7.013
nan -inf 7.014
nan -inf 7.015
nan -inf 7.016
nan -inf 7.017
nan -inf 7.018
nan -inf 7.019
nan -inf 7.02
nan -inf 7.021
nan -inf 7.022
nan -inf 7.023
nan -inf 7.024
nan -inf 7.025
nan -inf 7.026
nan -inf 7.027
nan -inf 7.028
nan -inf 7.029
nan -inf 7.03
nan -inf 7.031
nan -inf 7.032
nan -inf 7.033
nan -inf 7.034
nan -inf 7.035
nan -inf 7.036
nan -inf 7.037
nan -inf 7.038
nan -inf 7.039
nan -inf 7.04
nan -inf 7.041
nan -inf 7.042
nan -inf 7.043
nan -inf 7.044
nan -inf 7.045
nan -inf 7.046
nan -inf 7.047
nan -inf 7.048
nan -inf 7.049
nan -inf 7.05
nan -inf 7.051
nan -inf 7.052
nan -inf 7.053
nan -inf 7.054
nan -inf 7.055
nan -inf 7.056
nan -inf 7.057
nan -inf 7.058
nan -inf 7.059
nan -inf 7.06
nan -inf 7.061
nan -inf 7.062
nan -inf 7.063
nan -inf 7.064
nan -inf 7.065
nan -inf 7.066
nan -inf 7.067
nan -inf 7.068
nan -inf 7.069
nan -inf 7.07
nan -inf 7.071
nan -inf 7.072
nan -inf 7.073
nan -inf 7.074
nan -inf 7.075
nan -inf 7.076
nan -inf 7.077
nan -inf 7.078
nan -inf 7.079
nan -inf 7.08
nan -inf 7.081
nan -inf 7.082
nan -inf 7.083
nan -inf 7.084
nan -inf 7.085
nan -inf 7.086
nan -inf 7.087
nan -inf 7.088
nan -inf 7.089
nan -inf 7.09
nan -inf 7.091
nan -inf 7.092
nan -inf 7.093
nan -inf 7.094
nan -inf 7.095
nan -inf 7.096
nan -inf 7.097
nan -inf 7.098
nan -inf 7.099
nan -inf 7.1
nan -inf 7.101
nan -inf 7.102
nan -inf 7.103
nan -inf 7.104
nan -inf 7.105
nan -inf 7.106
nan -inf 7.107
nan -inf 7.108
nan -inf 7.109
nan -inf 7.11
nan -inf 7.111
nan -inf 7.112
nan -inf 7.113
nan -inf 7.114
nan -inf 7.115
nan -inf 7.116
nan -inf 7.117
nan -inf 7.118
nan -inf 7.119
nan -inf 7.12
nan -inf 7.121
nan -inf 7.122
nan -inf 7.123
nan -inf 7.124
nan -inf 7.125
nan -inf 7.126
nan -inf 7.127
nan -inf 7.128
nan -inf 7.129
nan -inf 7.13
nan -inf 7.131
nan -inf 7.132
nan -inf 7.133
nan -inf 7.134
nan -inf 7.135
nan -inf 7.136
nan -inf 7.137
nan -inf 7.138
nan -inf 7.139
nan -inf 7.14
nan -inf 7.141
nan -inf 7.142
nan -inf 7.143
nan -inf 7.144
nan -inf 7.145
nan -inf 7.146
nan -inf 7.147
nan -inf 7.148
nan -inf 7.149
nan -inf 7.15
nan -inf 7.151
nan -inf 7.152
nan -inf 7.153
nan -inf 7.154
nan -inf 7.155
nan -inf 7.156
nan -inf 7.157
nan -inf 7.158
nan -inf 7.159
nan -inf 7.16
nan -inf 7.161
nan -inf 7.162
nan -inf 7.163
nan -inf 7.164
nan -inf 7.165
nan -inf 7.166
nan -inf 7.167
nan -inf 7.168
nan -inf 7.169
nan -inf 7.17
nan -inf 7.171
nan -inf 7.172
nan -inf 7.173
nan -inf 7.174
nan -inf 7.175
nan -inf 7.176
nan -inf 7.177
nan -inf 7.178
nan -inf 7.179
nan -inf 7.18
nan -inf 7.181
nan -inf 7.182
nan -inf 7.183
nan -inf 7.184
nan -inf 7.185
nan -inf 7.186
nan -inf 7.187
nan -inf 7.188
nan -inf 7.189
nan -inf 7.19
nan -inf 7.191
nan -inf 7.192
nan -inf 7.193
nan -inf 7.194
nan -inf 7.195
nan -inf 7.196
nan -inf 7.197
nan -inf 7.198
nan -inf 7.199
nan -inf 7.2
nan -inf 7.201
nan -inf 7.202
nan -inf 7.203
nan -inf 7.204
nan -inf 7.205
nan -inf 7.206
nan -inf 7.207
nan -inf 7.208
nan -inf 7.209
nan -inf 7.21
nan -inf 7.211
nan -inf 7.212
nan -inf 7.213
nan -inf 7.214
nan -inf 7.215
nan -inf 7.216
nan -inf 7.217
nan -inf 7.218
nan -inf 7.219
nan -inf 7.22
nan -inf 7.221
nan -inf 7.222
nan -inf 7.223
nan -inf 7.224
nan -inf 7.225
nan -inf 7.226
nan -inf 7.227
nan -inf 7.228
nan -inf 7.229
nan -inf 7.23
nan -inf 7.231
nan -inf 7.232
nan -inf 7.233
nan -inf 7.234
nan -inf 7.235
nan -inf 7.236
nan -inf 7.237
nan -inf 7.238
nan -inf 7.239
nan -inf 7.24
nan -inf 7.241
nan -inf 7.242
nan -inf 7.243
nan -inf 7.244
nan -inf 7.245
nan -inf 7.246
nan -inf 7.247
nan -inf 7.248
nan -inf 7.249
nan -inf 7.25
nan -inf 7.251
nan -inf 7.252
nan -inf 7.253
nan -inf 7.254
nan -inf 7.255
nan -inf 7.256
nan -inf 7.257
nan -inf 7.258
nan -inf 7.259
nan -inf 7.26
nan -inf 7.261
nan -inf 7.262
nan -inf 7.263
nan -inf 7.264
nan -inf 7.265
nan -inf 7.266
nan -inf 7.267
nan -inf 7.268
nan -inf 7.269
nan -inf 7.27
nan -inf 7.271
nan -inf 7.272
nan -inf 7.273
nan -inf 7.274
nan -inf 7.275
nan -inf 7.276
nan -inf 7.277
nan -inf 7.278
nan -inf 7.279
nan -inf 7.28
nan -inf 7.281
nan -inf 7.282
nan -inf 7.283
nan -inf 7.284
nan -inf 7.285
nan -inf 7.286
nan -inf 7.287
nan -inf 7.288
nan -inf 7.289
nan -inf 7.29
nan -inf 7.291
nan -inf 7.292
nan -inf 7.293
nan -inf 7.294
nan -inf 7.295
nan -inf 7.296
nan -inf 7.297
nan -inf 7.298
nan -inf 7.299
nan -inf 7.3
nan -inf 7.301
nan -inf 7.302
nan -inf 7.303
nan -inf 7.304
nan -inf 7.305
nan -inf 7.306
nan -inf 7.307
nan -inf 7.308
nan -inf 7.309
nan -inf 7.31
nan -inf 7.311
nan -inf 7.312
nan -inf 7.313
nan -inf 7.314
nan -inf 7.315
nan -inf 7.316
nan -inf 7.317
nan -inf 7.318
nan -inf 7.319
nan -inf 7.32
nan -inf 7.321
nan -inf 7.322
nan -inf 7.323
nan -inf 7.324
nan -inf 7.325
nan -inf 7.326
nan -inf 7.327
nan -inf 7.328
nan -inf 7.329
nan -inf 7.33
nan -inf 7.331
nan -inf 7.332
nan -inf 7.333
nan -inf 7.334
nan -inf 7.335
nan -inf 7.336
nan -inf 7.337
nan -inf 7.338
nan -inf 7.339
nan -inf 7.34
nan -inf 7.341
nan -inf 7.342
nan -inf 7.343
nan -inf 7.344
nan -inf 7.345
nan -inf 7.346
nan -inf 7.347
nan -inf 7.348
nan -inf 7.349
nan -inf 7.35
nan -inf 7.351
nan -inf 7.352
nan -inf 7.353
nan -inf 7.354
nan -inf 7.355
nan -inf 7.356
nan -inf 7.357
nan -inf 7.358
nan -inf 7.359
nan -inf 7.36
nan -inf 7.361
nan -inf 7.362
nan -inf 7.363
nan -inf 7.364
nan -inf 7.365
nan -inf 7.366
nan -inf 7.367
nan -inf 7.368
nan -inf 7.369
nan -inf 7.37
nan -inf 7.371
nan -inf 7.372
nan -inf 7.373
nan -inf 7.374
nan -inf 7.375
nan -inf 7.376
nan -inf 7.377
nan -inf 7.378
nan -inf 7.379
nan -inf 7.38
nan -inf 7.381
nan -inf 7.382
nan -inf 7.383
nan -inf 7.384
nan -inf 7.385
nan -inf 7.386
nan -inf 7.387
nan -inf 7.388
nan -inf 7.389
nan -inf 7.39
nan -inf 7.391
nan -inf 7.392
nan -inf 7.393
nan -inf 7.394
nan -inf 7.395
nan -inf 7.396
nan -inf 7.397
nan -inf 7.398
nan -inf 7.399
nan -inf 7.4
nan -inf 7.401
nan -inf 7.402
nan -inf 7.403
nan -inf 7.404
nan -inf 7.405
nan -inf 7.406
nan -inf 7.407
nan -inf 7.408
nan -inf 7.409
nan -inf 7.41
nan -inf 7.411
nan -inf 7.412
nan -inf 7.413
nan -inf 7.414
nan -inf 7.415
nan -inf 7.416
nan -inf 7.417
nan -inf 7.418
nan -inf 7.419
nan -inf 7.42
nan -inf 7.421
nan -inf 7.422
nan -inf 7.423
nan -inf 7.424
nan -inf 7.425
nan -inf 7.426
nan -inf 7.427
nan -inf 7.428
nan -inf 7.429
nan -inf 7.43
nan -inf 7.431
nan -inf 7.432
nan -inf 7.433
nan -inf 7.434
nan -inf 7.435
nan -inf 7.436
nan -inf 7.437
nan -inf 7.438
nan -inf 7.439
nan -inf 7.44
nan -inf 7.441
nan -inf 7.442
nan -inf 7.443
nan -inf 7.444
nan -inf 7.445
nan -inf 7.446
nan -inf 7.447
nan -inf 7.448
nan -inf 7.449
nan -inf 7.45
nan -inf 7.451
nan -inf 7.452
nan -inf 7.453
nan -inf 7.454
nan -inf 7.455
nan -inf 7.456
nan -inf 7.457
nan -inf 7.458
nan -inf 7.459
nan -inf 7.46
nan -inf 7.461
nan -inf 7.462
nan -inf 7.463
nan -inf 7.464
nan -inf 7.465
nan -inf 7.466
nan -inf 7.467
nan -inf 7.468
nan -inf 7.469
nan -inf 7.47
nan -inf 7.471
nan -inf 7.472
nan -inf 7.473
nan -inf 7.474
nan -inf 7.475
nan -inf 7.476
nan -inf 7.477
nan -inf 7.478
nan -inf 7.479
nan -inf 7.48
nan -inf 7.481
nan -inf 7.482
nan -inf 7.483
nan -inf 7.484
nan -inf 7.485
nan -inf 7.486
nan -inf 7.487
nan -inf 7.488
nan -inf 7.489
nan -inf 7.49
nan -inf 7.491
nan -inf 7.492
nan -inf 7.493
nan -inf 7.494
nan -inf 7.495
nan -inf 7.496
nan -inf 7.497
nan -inf 7.498
nan -inf 7.499
nan -inf 7.5
nan -inf 7.501
nan -inf 7.502
nan -inf 7.503
nan -inf 7.504
nan -inf 7.505
nan -inf 7.506
nan -inf 7.507
nan -inf 7.508
nan -inf 7.509
nan -inf 7.51
nan -inf 7.511
nan -inf 7.512
nan -inf 7.513
nan -inf 7.514
nan -inf 7.515
nan -inf 7.516
nan -inf 7.517
nan -inf 7.518
nan -inf 7.519
nan -inf 7.52
nan -inf 7.521
nan -inf 7.522
nan -inf 7.523
nan -inf 7.524
nan -inf 7.525
nan -inf 7.526
nan -inf 7.527
nan -inf 7.528
nan -inf 7.529
nan -inf 7.53
nan -inf 7.531
nan -inf 7.532
nan -inf 7.533
nan -inf 7.534
nan -inf 7.535
nan -inf 7.536
nan -inf 7.537
nan -inf 7.538
nan -inf 7.539
nan -inf 7.54
nan -inf 7.541
nan -inf 7.542
nan -inf 7.543
nan -inf 7.544
nan -inf 7.545
nan -inf 7.546
nan -inf 7.547
nan -inf 7.548
nan -inf 7.549
nan -inf 7.55
nan -inf 7.551
nan -inf 7.552
nan -inf 7.553
nan -inf 7.554
nan -inf 7.555
nan -inf 7.556
nan -inf 7.557
nan -inf 7.558
nan -inf 7.559
nan -inf 7.56
nan -inf 7.561
nan -inf 7.562
nan -inf 7.563
nan -inf 7.564
nan -inf 7.565
nan -inf 7.566
nan -inf 7.567
nan -inf 7.568
nan -inf 7.569
nan -inf 7.57
nan -inf 7.571
nan -inf 7.572
nan -inf 7.573
nan -inf 7.574
nan -inf 7.575
nan -inf 7.576
nan -inf 7.577
nan -inf 7.578
nan -inf 7.579
nan -inf 7.58
nan -inf 7.581
nan -inf 7.582
nan -inf 7.583
nan -inf 7.584
nan -inf 7.585
nan -inf 7.586
nan -inf 7.587
nan -inf 7.588
nan -inf 7.589
nan -inf 7.59
nan -inf 7.591
nan -inf 7.592
nan -inf 7.593
nan -inf 7.594
nan -inf 7.595
nan -inf 7.596
nan -inf 7.597
nan -inf 7.598
nan -inf 7.599
nan -inf 7.6
nan -inf 7.601
nan -inf 7.602
nan -inf 7.603
nan -inf 7.604
nan -inf 7.605
nan -inf 7.606
nan -inf 7.607
nan -inf 7.608
nan -inf 7.609
nan -inf 7.61
nan -inf 7.611
nan -inf 7.612
nan -inf 7.613
nan -inf 7.614
nan -inf 7.615
nan -inf 7.616
nan -inf 7.617
nan -inf 7.618
nan -inf 7.619
nan -inf 7.62
nan -inf 7.621
nan -inf 7.622
nan -inf 7.623
nan -inf 7.624
nan -inf 7.625
nan -inf 7.626
nan -inf 7.627
nan -inf 7.628
nan -inf 7.629
nan -inf 7.63
nan -inf 7.631
nan -inf 7.632
nan -inf 7.633
nan -inf 7.634
nan -inf 7.635
nan -inf 7.636
nan -inf 7.637
nan -inf 7.638
nan -inf 7.639
nan -inf 7.64
nan -inf 7.641
nan -inf 7.642
nan -inf 7.643
nan -inf 7.644
nan -inf 7.645
nan -inf 7.646
nan -inf 7.647
nan -inf 7.648
nan -inf 7.649
nan -inf 7.65
nan -inf 7.651
nan -inf 7.652
nan -inf 7.653
nan -inf 7.654
nan -inf 7.655
nan -inf 7.656
nan -inf 7.657
nan -inf 7.658
nan -inf 7.659
nan -inf 7.66
nan -inf 7.661
nan -inf 7.662
nan -inf 7.663
nan -inf 7.664
nan -inf 7.665
nan -inf 7.666
nan -inf 7.667
nan -inf 7.668
nan -inf 7.669
nan -inf 7.67
nan -inf 7.671
nan -inf 7.672
nan -inf 7.673
nan -inf 7.674
nan -inf 7.675
nan -inf 7.676
nan -inf 7.677
nan -inf 7.678
nan -inf 7.679
nan -inf 7.68
nan -inf 7.681
nan -inf 7.682
nan -inf 7.683
nan -inf 7.684
nan -inf 7.685
nan -inf 7.686
nan -inf 7.687
nan -inf 7.688
nan -inf 7.689
nan -inf 7.69
nan -inf 7.691
nan -inf 7.692
nan -inf 7.693
nan -inf 7.694
nan -inf 7.695
nan -inf 7.696
nan -inf 7.697
nan -inf 7.698
nan -inf 7.699
nan -inf 7.7
nan -inf 7.701
nan -inf 7.702
nan -inf 7.703
nan -inf 7.704
nan -inf 7.705
nan -inf 7.706
nan -inf 7.707
nan -inf 7.708
nan -inf 7.709
nan -inf 7.71
nan -inf 7.711
nan -inf 7.712
nan -inf 7.713
nan -inf 7.714
nan -inf 7.715
nan -inf 7.716
nan -inf 7.717
nan -inf 7.718
nan -inf 7.719
nan -inf 7.72
nan -inf 7.721
nan -inf 7.722
nan -inf 7.723
nan -inf 7.724
nan -inf 7.725
nan -inf 7.726
nan -inf 7.727
nan -inf 7.728
nan -inf 7.729
nan -inf 7.73
nan -inf 7.731
nan -inf 7.732
nan -inf 7.733
nan -inf 7.734
nan -inf 7.735
nan -inf 7.736
nan -inf 7.737
nan -inf 7.738
nan -inf 7.739
nan -inf 7.74
nan -inf 7.741
nan -inf 7.742
nan -inf 7.743
nan -inf 7.744
nan -inf 7.745
nan -inf 7.746
nan -inf 7.747
nan -inf 7.748
nan -inf 7.749
nan -inf 7.75
nan -inf 7.751
nan -inf 7.752
nan -inf 7.753
nan -inf 7.754
nan -inf 7.755
nan -inf 7.756
nan -inf 7.757
nan -inf 7.758
nan -inf 7.759
nan -inf 7.76
nan -inf 7.761
nan -inf 7.762
nan -inf 7.763
nan -inf 7.764
nan -inf 7.765
nan -inf 7.766
nan -inf 7.767
nan -inf 7.768
nan -inf 7.769
nan -inf 7.77
nan -inf 7.771
nan -inf 7.772
nan -inf 7.773
nan -inf 7.774
nan -inf 7.775
nan -inf 7.776
nan -inf 7.777
nan -inf 7.778
nan -inf 7.779
nan -inf 7.78
nan -inf 7.781
nan -inf 7.782
nan -inf 7.783
nan -inf 7.784
nan -inf 7.785
nan -inf 7.786
nan -inf 7.787
nan -inf 7.788
nan -inf 7.789
nan -inf 7.79
nan -inf 7.791
nan -inf 7.792
nan -inf 7.793
nan -inf 7.794
nan -inf 7.795
nan -inf 7.796
nan -inf 7.797
nan -inf 7.798
nan -inf 7.799
nan -inf 7.8
nan -inf 7.801
nan -inf 7.802
nan -inf 7.803
nan -inf 7.804
nan -inf 7.805
nan -inf 7.806
nan -inf 7.807
nan -inf 7.808
nan -inf 7.809
nan -inf 7.81
nan -inf 7.811
nan -inf 7.812
nan -inf 7.813
nan -inf 7.814
nan -inf 7.815
nan -inf 7.816
nan -inf 7.817
nan -inf 7.818
nan -inf 7.819
nan -inf 7.82
nan -inf 7.821
nan -inf 7.822
nan -inf 7.823
nan -inf 7.824
nan -inf 7.825
nan -inf 7.826
nan -inf 7.827
nan -inf 7.828
nan -inf 7.829
nan -inf 7.83
nan -inf 7.831
nan -inf 7.832
nan -inf 7.833
nan -inf 7.834
nan -inf 7.835
nan -inf 7.836
nan -inf 7.837
nan -inf 7.838
nan -inf 7.839
nan -inf 7.84
nan -inf 7.841
nan -inf 7.842
nan -inf 7.843
nan -inf 7.844
nan -inf 7.845
nan -inf 7.846
nan -inf 7.847
nan -inf 7.848
nan -inf 7.849
nan -inf 7.85
nan -inf 7.851
nan -inf 7.852
nan -inf 7.853
nan -inf 7.854
nan -inf 7.855
nan -inf 7.856
nan -inf 7.857
nan -inf 7.858
nan -inf 7.859
nan -inf 7.86
nan -inf 7.861
nan -inf 7.862
nan -inf 7.863
nan -inf 7.864
nan -inf 7.865
nan -inf 7.866
nan -inf 7.867
nan -inf 7.868
nan -inf 7.869
nan -inf 7.87
nan -inf 7.871
nan -inf 7.872
nan -inf 7.873
nan -inf 7.874
nan -inf 7.875
nan -inf 7.876
nan -inf 7.877
nan -inf 7.878
nan -inf 7.879
nan -inf 7.88
nan -inf 7.881
nan -inf 7.882
nan -inf 7.883
nan -inf 7.884
nan -inf 7.885
nan -inf 7.886
nan -inf 7.887
nan -inf 7.888
nan -inf 7.889
nan -inf 7.89
nan -inf 7.891
nan -inf 7.892
nan -inf 7.893
nan -inf 7.894
nan -inf 7.895
nan -inf 7.896
nan -inf 7.897
nan -inf 7.898
nan -inf 7.899
nan -inf 7.9
nan -inf 7.901
nan -inf 7.902
nan -inf 7.903
nan -inf 7.904
nan -inf 7.905
nan -inf 7.906
nan -inf 7.907
nan -inf 7.908
nan -inf 7.909
nan -inf 7.91
nan -inf 7.911
nan -inf 7.912
nan -inf 7.913
nan -inf 7.914
nan -inf 7.915
nan -inf 7.916
nan -inf 7.917
nan -inf 7.918
nan -inf 7.919
nan -inf 7.92
nan -inf 7.921
nan -inf 7.922
nan -inf 7.923
nan -inf 7.924
nan -inf 7.925
nan -inf 7.926
nan -inf 7.927
nan -inf 7.928
nan -inf 7.929
nan -inf 7.93
nan -inf 7.931
nan -inf 7.932
nan -inf 7.933
nan -inf 7.934
nan -inf 7.935
nan -inf 7.936
nan -inf 7.937
nan -inf 7.938
nan -inf 7.939
nan -inf 7.94
nan -inf 7.941
nan -inf 7.942
nan -inf 7.943
nan -inf 7.944
nan -inf 7.945
nan -inf 7.946
nan -inf 7.947
nan -inf 7.948
nan -inf 7.949
nan -inf 7.95
nan -inf 7.951
nan -inf 7.952
nan -inf 7.953
nan -inf 7.954
nan -inf 7.955
nan -inf 7.956
nan -inf 7.957
nan -inf 7.958
nan -inf 7.959
nan -inf 7.96
nan -inf 7.961
nan -inf 7.962
nan -inf 7.963
nan -inf 7.964
nan -inf 7.965
nan -inf 7.966
nan -inf 7.967
nan -inf 7.968
nan -inf 7.969
nan -inf 7.97
nan -inf 7.971
nan -inf 7.972
nan -inf 7.973
nan -inf 7.974
nan -inf 7.975
nan -inf 7.976
nan -inf 7.977
nan -inf 7.978
nan -inf 7.979
nan -inf 7.98
nan -inf 7.981
nan -inf 7.982
nan -inf 7.983
nan -inf 7.984
nan -inf 7.985
nan -inf 7.986
nan -inf 7.987
nan -inf 7.988
nan -inf 7.989
nan -inf 7.99
nan -inf 7.991
nan -inf 7.992
nan -inf 7.993
nan -inf 7.994
nan -inf 7.995
nan -inf 7.996
nan -inf 7.997
nan -inf 7.998
nan -inf 7.999
nan -inf 8
nan -inf 8.001
nan -inf 8.002
nan -inf 8.003
nan -inf 8.004
nan -inf 8.005
nan -inf 8.006
nan -inf 8.007
nan -inf 8.008
nan -inf 8.009
nan -inf 8.01
nan -inf 8.011
nan -inf 8.012
nan -inf 8.013
nan -inf 8.014
nan -inf 8.015
nan -inf 8.016
nan -inf 8.017
nan -inf 8.018
nan -inf 8.019
nan -inf 8.02
nan -inf 8.021
nan -inf 8.022
nan -inf 8.023
nan -inf 8.024
nan -inf 8.025
nan -inf 8.026
nan -inf 8.027
nan -inf 8.028
nan -inf 8.029
nan -inf 8.03
nan -inf 8.031
nan -inf 8.032
nan -inf 8.033
nan -inf 8.034
nan -inf 8.035
nan -inf 8.036
nan -inf 8.037
nan -inf 8.038
nan -inf 8.039
nan -inf 8.04
nan -inf 8.041
nan -inf 8.042
nan -inf 8.043
nan -inf 8.044
nan -inf 8.045
nan -inf 8.046
nan -inf 8.047
nan -inf 8.048
nan -inf 8.049
nan -inf 8.05
nan -inf 8.051
nan -inf 8.052
nan -inf 8.053
nan -inf 8.054
nan -inf 8.055
nan -inf 8.056
nan -inf 8.057
nan -inf 8.058
nan -inf 8.059
nan -inf 8.06
nan -inf 8.061
nan -inf 8.062
nan -inf 8.063
nan -inf 8.064
nan -inf 8.065
nan -inf 8.066
nan -inf 8.067
nan -inf 8.068
nan -inf 8.069
nan -inf 8.07
nan -inf 8.071
nan -inf 8.072
nan -inf 8.073
nan -inf 8.074
nan -inf 8.075
nan -inf 8.076
nan -inf 8.077
nan -inf 8.078
nan -inf 8.079
nan -inf 8.08
nan -inf 8.081
nan -inf 8.082
nan -inf 8.083
nan -inf 8.084
nan -inf 8.085
nan -inf 8.086
nan -inf 8.087
nan -inf 8.088
nan -inf 8.089
nan -inf 8.09
nan -inf 8.091
nan -inf 8.092
nan -inf 8.093
nan -inf 8.094
nan -inf 8.095
nan -inf 8.096
nan -inf 8.097
nan -inf 8.098
nan -inf 8.099
nan -inf 8.1
nan -inf 8.101
nan -inf 8.102
nan -inf 8.103
nan -inf 8.104
nan -inf 8.105
nan -inf 8.106
nan -inf 8.107
nan -inf 8.108
nan -inf 8.109
nan -inf 8.11
nan -inf 8.111
nan -inf 8.112
nan -inf 8.113
nan -inf 8.114
nan -inf 8.115
nan -inf 8.116
nan -inf 8.117
nan -inf 8.118
nan -inf 8.119
nan -inf 8.12
nan -inf 8.121
nan -inf 8.122
nan -inf 8.123
nan -inf 8.124
nan -inf 8.125
nan -inf 8.126
nan -inf 8.127
nan -inf 8.128
nan -inf 8.129
nan -inf 8.13
nan -inf 8.131
nan -inf 8.132
nan -inf 8.133
nan -inf 8.134
nan -inf 8.135
nan -inf 8.136
nan -inf 8.137
nan -inf 8.138
nan -inf 8.139
nan -inf 8.14
nan -inf 8.141
nan -inf 8.142
nan -inf 8.143
nan -inf 8.144
nan -inf 8.145
nan -inf 8.146
nan -inf 8.147
nan -inf 8.148
nan -inf 8.149
nan -inf 8.15
nan -inf 8.151
nan -inf 8.152
nan -inf 8.153
nan -inf 8.154
nan -inf 8.155
nan -inf 8.156
nan -inf 8.157
nan -inf 8.158
nan -inf 8.159
nan -inf 8.16
nan -inf 8.161
nan -inf 8.162
nan -inf 8.163
nan -inf 8.164
nan -inf 8.165
nan -inf 8.166
nan -inf 8.167
nan -inf 8.168
nan -inf 8.169
nan -inf 8.17
nan -inf 8.171
nan -inf 8.172
nan -inf 8.173
nan -inf 8.174
nan -inf 8.175
nan -inf 8.176
nan -inf 8.177
nan -inf 8.178
nan -inf 8.179
nan -inf 8.18
nan -inf 8.181
nan -inf 8.182
nan -inf 8.183
nan -inf 8.184
nan -inf 8.185
nan -inf 8.186
nan -inf 8.187
nan -inf 8.188
nan -inf 8.189
nan -inf 8.19
nan -inf 8.191
nan -inf 8.192
nan -inf 8.193
nan -inf 8.194
nan -inf 8.195
nan -inf 8.196
nan -inf 8.197
nan -inf 8.198
nan -inf 8.199
nan -inf 8.2
nan -inf 8.201
nan -inf 8.202
nan -inf 8.203
nan -inf 8.204
nan -inf 8.205
nan -inf 8.206
nan -inf 8.207
nan -inf 8.208
nan -inf 8.209
nan -inf 8.21
nan -inf 8.211
nan -inf 8.212
nan -inf 8.213
nan -inf 8.214
nan -inf 8.215
nan -inf 8.216
nan -inf 8.217
nan -inf 8.218
nan -inf 8.219
nan -inf 8.22
nan -inf 8.221
nan -inf 8.222
nan -inf 8.223
nan -inf 8.224
nan -inf 8.225
nan -inf 8.226
nan -inf 8.227
nan -inf 8.228
nan -inf 8.229
nan -inf 8.23
nan -inf 8.231
nan -inf 8.232
nan -inf 8.233
nan -inf 8.234
nan -inf 8.235
nan -inf 8.236
nan -inf 8.237
nan -inf 8.238
nan -inf 8.239
nan -inf 8.24
nan -inf 8.241
nan -inf 8.242
nan -inf 8.243
nan -inf 8.244
nan -inf 8.245
nan -inf 8.246
nan -inf 8.247
nan -inf 8.248
nan -inf 8.249
nan -inf 8.25
nan -inf 8.251
nan -inf 8.252
nan -inf 8.253
nan -inf 8.254
nan -inf 8.255
nan -inf 8.256
nan -inf 8.257
nan -inf 8.258
nan -inf 8.259
nan -inf 8.26
nan -inf 8.261
nan -inf 8.262
nan -inf 8.263
nan -inf 8.264
nan -inf 8.265
nan -inf 8.266
nan -inf 8.267
nan -inf 8.268
nan -inf 8.269
nan -inf 8.27
nan -inf 8.271
nan -inf 8.272
nan -inf 8.273
nan -inf 8.274
nan -inf 8.275
nan -inf 8.276
nan -inf 8.277
nan -inf 8.278
nan -inf 8.279
nan -inf 8.28
nan -inf 8.281
nan -inf 8.282
nan -inf 8.283
nan -inf 8.284
nan -inf 8.285
nan -inf 8.286
nan -inf 8.287
nan -inf 8.288
nan -inf 8.289
nan -inf 8.29
nan -inf 8.291
nan -inf 8.292
nan -inf 8.293
nan -inf 8.294
nan -inf 8.295
nan -inf 8.296
nan -inf 8.297
nan -inf 8.298
nan -inf 8.299
nan -inf 8.3
nan -inf 8.301
nan -inf 8.302
nan -inf 8.303
nan -inf 8.304
nan -inf 8.305
nan -inf 8.306
nan -inf 8.307
nan -inf 8.308
nan -inf 8.309
nan -inf 8.31
nan -inf 8.311
nan -inf 8.312
nan -inf 8.313
nan -inf 8.314
nan -inf 8.315
nan -inf 8.316
nan -inf 8.317
nan -inf 8.318
nan -inf 8.319
nan -inf 8.32
nan -inf 8.321
nan -inf 8.322
nan -inf 8.323
nan -inf 8.324
nan -inf 8.325
nan -inf 8.326
nan -inf 8.327
nan -inf 8.328
nan -inf 8.329
nan -inf 8.33
nan -inf 8.331
nan -inf 8.332
nan -inf 8.333
nan -inf 8.334
nan -inf 8.335
nan -inf 8.336
nan -inf 8.337
nan -inf 8.338
nan -inf 8.339
nan -inf 8.34
nan -inf 8.341
nan -inf 8.342
nan -inf 8.343
nan -inf 8.344
nan -inf 8.345
nan -inf 8.346
nan -inf 8.347
nan -inf 8.348
nan -inf 8.349
nan -inf 8.35
nan -inf 8.351
nan -inf 8.352
nan -inf 8.353
nan -inf 8.354
nan -inf 8.355
nan -inf 8.356
nan -inf 8.357
nan -inf 8.358
nan -inf 8.359
nan -inf 8.36
nan -inf 8.361
nan -inf 8.362
nan -inf 8.363
nan -inf 8.364
nan -inf 8.365
nan -inf 8.366
nan -inf 8.367
nan -inf 8.368
nan -inf 8.369
nan -inf 8.37
nan -inf 8.371
nan -inf 8.372
nan -inf 8.373
nan -inf 8.374
nan -inf 8.375
nan -inf 8.376
nan -inf 8.377
nan -inf 8.378
nan -inf 8.379
nan -inf 8.38
nan -inf 8.381
nan -inf 8.382
nan -inf 8.383
nan -inf 8.384
nan -inf 8.385
nan -inf 8.386
nan -inf 8.387
nan -inf 8.388
nan -inf 8.389
nan -inf 8.39
nan -inf 8.391
nan -inf 8.392
nan -inf 8.393
nan -inf 8.394
nan -inf 8.395
nan -inf 8.396
nan -inf 8.397
nan -inf 8.398
nan -inf 8.399
nan -inf 8.4
nan -inf 8.401
nan -inf 8.402
nan -inf 8.403
nan -inf 8.404
nan -inf 8.405
nan -inf 8.406
nan -inf 8.407
nan -inf 8.408
nan -inf 8.409
nan -inf 8.41
nan -inf 8.411
nan -inf 8.412
nan -inf 8.413
nan -inf 8.414
nan -inf 8.415
nan -inf 8.416
nan -inf 8.417
nan -inf 8.418
nan -inf 8.419
nan -inf 8.42
nan -inf 8.421
nan -inf 8.422
nan -inf 8.423
nan -inf 8.424
nan -inf 8.425
nan -inf 8.426
nan -inf 8.427
nan -inf 8.428
nan -inf 8.429
nan -inf 8.43
nan -inf 8.431
nan -inf 8.432
nan -inf 8.433
nan -inf 8.434
nan -inf 8.435
nan -inf 8.436
nan -inf 8.437
nan -inf 8.438
nan -inf 8.439
nan -inf 8.44
nan -inf 8.441
nan -inf 8.442
nan -inf 8.443
nan -inf 8.444
nan -inf 8.445
nan -inf 8.446
nan -inf 8.447
nan -inf 8.448
nan -inf 8.449
nan -inf 8.45
nan -inf 8.451
nan -inf 8.452
nan -inf 8.453
nan -inf 8.454
nan -inf 8.455
nan -inf 8.456
nan -inf 8.457
nan -inf 8.458
nan -inf 8.459
nan -inf 8.46
nan -inf 8.461
nan -inf 8.462
nan -inf 8.463
nan -inf 8.464
nan -inf 8.465
nan -inf 8.466
nan -inf 8.467
nan -inf 8.468
nan -inf 8.469
nan -inf 8.47
nan -inf 8.471
nan -inf 8.472
nan -inf 8.473
nan -inf 8.474
nan -inf 8.475
nan -inf 8.476
nan -inf 8.477
nan -inf 8.478
nan -inf 8.479
nan -inf 8.48
nan -inf 8.481
nan -inf 8.482
nan -inf 8.483
nan -inf 8.484
nan -inf 8.485
nan -inf 8.486
nan -inf 8.487
nan -inf 8.488
nan -inf 8.489
nan -inf 8.49
nan -inf 8.491
nan -inf 8.492
nan -inf 8.493
nan -inf 8.494
nan -inf 8.495
nan -inf 8.496
nan -inf 8.497
nan -inf 8.498
nan -inf 8.499
nan -inf 8.5
nan -inf 8.501
nan -inf 8.502
nan -inf 8.503
nan -inf 8.504
nan -inf 8.505
nan -inf 8.506
nan -inf 8.507
nan -inf 8.508
nan -inf 8.509
nan -inf 8.51
nan -inf 8.511
nan -inf 8.512
nan -inf 8.513
nan -inf 8.514
nan -inf 8.515
nan -inf 8.516
nan -inf 8.517
nan -inf 8.518
nan -inf 8.519
nan -inf 8.52
nan -inf 8.521
nan -inf 8.522
nan -inf 8.523
nan -inf 8.524
nan -inf 8.525
nan -inf 8.526
nan -inf 8.527
nan -inf 8.528
nan -inf 8.529
nan -inf 8.53
nan -inf 8.531
nan -inf 8.532
nan -inf 8.533
nan -inf 8.534
nan -inf 8.535
nan -inf 8.536
nan -inf 8.537
nan -inf 8.538
nan -inf 8.539
nan -inf 8.54
nan -inf 8.541
nan -inf 8.542
nan -inf 8.543
nan -inf 8.544
nan -inf 8.545
nan -inf 8.546
nan -inf 8.547
nan -inf 8.548
nan -inf 8.549
nan -inf 8.55
nan -inf 8.551
nan -inf 8.552
nan -inf 8.553
nan -inf 8.554
nan -inf 8.555
nan -inf 8.556
nan -inf 8.557
nan -inf 8.558
nan -inf 8.559
nan -inf 8.56
nan -inf 8.561
nan -inf 8.562
nan -inf 8.563
nan -inf 8.564
nan -inf 8.565
nan -inf 8.566
nan -inf 8.567
nan -inf 8.568
nan -inf 8.569
nan -inf 8.57
nan -inf 8.571
nan -inf 8.572
nan -inf 8.573
nan -inf 8.574
nan -inf 8.575
nan -inf 8.576
nan -inf 8.577
nan -inf 8.578
nan -inf 8.579
nan -inf 8.58
nan -inf 8.581
nan -inf 8.582
nan -inf 8.583
nan -inf 8.584
nan -inf 8.585
nan -inf 8.586
nan -inf 8.587
nan -inf 8.588
nan -inf 8.589
nan -inf 8.59
nan -inf 8.591
nan -inf 8.592
nan -inf 8.593
nan -inf 8.594
nan -inf 8.595
nan -inf 8.596
nan -inf 8.597
nan -inf 8.598
nan -inf 8.599
nan -inf 8.6
nan -inf 8.601
nan -inf 8.602
nan -inf 8.603
nan -inf 8.604
nan -inf 8.605
nan -inf 8.606
nan -inf 8.607
nan -inf 8.608
nan -inf 8.609
nan -inf 8.61
nan -inf 8.611
nan -inf 8.612
nan -inf 8.613
nan -inf 8.614
nan -inf 8.615
nan -inf 8.616
nan -inf 8.617
nan -inf 8.618
nan -inf 8.619
nan -inf 8.62
nan -inf 8.621
nan -inf 8.622
nan -inf 8.623
nan -inf 8.624
nan -inf 8.625
nan -inf 8.626
nan -inf 8.627
nan -inf 8.628
nan -inf 8.629
nan -inf 8.63
nan -inf 8.631
nan -inf 8.632
nan -inf 8.633
nan -inf 8.634
nan -inf 8.635
nan -inf 8.636
nan -inf 8.637
nan -inf 8.638
nan -inf 8.639
nan -inf 8.64
nan -inf 8.641
nan -inf 8.642
nan -inf 8.643
nan -inf 8.644
nan -inf 8.645
nan -inf 8.646
nan -inf 8.647
nan -inf 8.648
nan -inf 8.649
nan -inf 8.65
nan -inf 8.651
nan -inf 8.652
nan -inf 8.653
nan -inf 8.654
nan -inf 8.655
nan -inf 8.656
nan -inf 8.657
nan -inf 8.658
nan -inf 8.659
nan -inf 8.66
nan -inf 8.661
nan -inf 8.662
nan -inf 8.663
nan -inf 8.664
nan -inf 8.665
nan -inf 8.666
nan -inf 8.667
nan -inf 8.668
nan -inf 8.669
nan -inf 8.67
nan -inf 8.671
nan -inf 8.672
nan -inf 8.673
nan -inf 8.674
nan -inf 8.675
nan -inf 8.676
nan -inf 8.677
nan -inf 8.678
nan -inf 8.679
nan -inf 8.68
nan -inf 8.681
nan -inf 8.682
nan -inf 8.683
nan -inf 8.684
nan -inf 8.685
nan -inf 8.686
nan -inf 8.687
nan -inf 8.688
nan -inf 8.689
nan -inf 8.69
nan -inf 8.691
nan -inf 8.692
nan -inf 8.693
nan -inf 8.694
nan -inf 8.695
nan -inf 8.696
nan -inf 8.697
nan -inf 8.698
nan -inf 8.699
nan -inf 8.7
nan -inf 8.701
nan -inf 8.702
nan -inf 8.703
nan -inf 8.704
nan -inf 8.705
nan -inf 8.706
nan -inf 8.707
nan -inf 8.708
nan -inf 8.709
nan -inf 8.71
nan -inf 8.711
nan -inf 8.712
nan -inf 8.713
nan -inf 8.714
nan -inf 8.715
nan -inf 8.716
nan -inf 8.717
nan -inf 8.718
nan -inf 8.719
nan -inf 8.72
nan -inf 8.721
nan -inf 8.722
nan -inf 8.723
nan -inf 8.724
nan -inf 8.725
nan -inf 8.726
nan -inf 8.727
nan -inf 8.728
nan -inf 8.729
nan -inf 8.73
nan -inf 8.731
nan -inf 8.732
nan -inf 8.733
nan -inf 8.734
nan -inf 8.735
nan -inf 8.736
nan -inf 8.737
nan -inf 8.738
nan -inf 8.739
nan -inf 8.74
nan -inf 8.741
nan -inf 8.742
nan -inf 8.743
nan -inf 8.744
nan -inf 8.745
nan -inf 8.746
nan -inf 8.747
nan -inf 8.748
nan -inf 8.749
nan -inf 8.75
nan -inf 8.751
nan -inf 8.752
nan -inf 8.753
nan -inf 8.754
nan -inf 8.755
nan -inf 8.756
nan -inf 8.757
nan -inf 8.758
nan -inf 8.759
nan -inf 8.76
nan -inf 8.761
nan -inf 8.762
nan -inf 8.763
nan -inf 8.764
nan -inf 8.765
nan -inf 8.766
nan -inf 8.767
nan -inf 8.768
nan -inf 8.769
nan -inf 8.77
nan -inf 8.771
nan -inf 8.772
nan -inf 8.773
nan -inf 8.774
nan -inf 8.775
nan -inf 8.776
nan -inf 8.777
nan -inf 8.778
nan -inf 8.779
nan -inf 8.78
nan -inf 8.781
nan -inf 8.782
nan -inf 8.783
nan -inf 8.784
nan -inf 8.785
nan -inf 8.786
nan -inf 8.787
nan -inf 8.788
nan -inf 8.789
nan -inf 8.79
nan -inf 8.791
nan -inf 8.792
nan -inf 8.793
nan -inf 8.794
nan -inf 8.795
nan -inf 8.796
nan -inf 8.797
nan -inf 8.798
nan -inf 8.799
nan -inf 8.8
nan -inf 8.801
nan -inf 8.802
nan -inf 8.803
nan -inf 8.804
nan -inf 8.805
nan -inf 8.806
nan -inf 8.807
nan -inf 8.808
nan -inf 8.809
nan -inf 8.81
nan -inf 8.811
nan -inf 8.812
nan -inf 8.813
nan -inf 8.814
nan -inf 8.815
nan -inf 8.816
nan -inf 8.817
nan -inf 8.818
nan -inf 8.819
nan -inf 8.82
nan -inf 8.821
nan -inf 8.822
nan -inf 8.823
nan -inf 8.824
nan -inf 8.825
nan -inf 8.826
nan -inf 8.827
nan -inf 8.828
nan -inf 8.829
nan -inf 8.83
nan -inf 8.831
nan -inf 8.832
nan -inf 8.833
nan -inf 8.834
nan -inf 8.835
nan -inf 8.836
nan -inf 8.837
nan -inf 8.838
nan -inf 8.839
nan -inf 8.84
nan -inf 8.841
nan -inf 8.842
nan -inf 8.843
nan -inf 8.844
nan -inf 8.845
nan -inf 8.846
nan -inf 8.847
nan -inf 8.848
nan -inf 8.849
nan -inf 8.85
nan -inf 8.851
nan -inf 8.852
nan -inf 8.853
nan -inf 8.854
nan -inf 8.855
nan -inf 8.856
nan -inf 8.857
nan -inf 8.858
nan -inf 8.859
nan -inf 8.86
nan -inf 8.861
nan -inf 8.862
nan -inf 8.863
nan -inf 8.864
nan -inf 8.865
nan -inf 8.866
nan -inf 8.867
nan -inf 8.868
nan -inf 8.869
nan -inf 8.87
nan -inf 8.871
nan -inf 8.872
nan -inf 8.873
nan -inf 8.874
nan -inf 8.875
nan -inf 8.876
nan -inf 8.877
nan -inf 8.878
nan -inf 8.879
nan -inf 8.88
nan -inf 8.881
nan -inf 8.882
nan -inf 8.883
nan -inf 8.884
nan -inf 8.885
nan -inf 8.886
nan -inf 8.887
nan -inf 8.888
nan -inf 8.889
nan -inf 8.89
nan -inf 8.891
nan -inf 8.892
nan -inf 8.893
nan -inf 8.894
nan -inf 8.895
nan -inf 8.896
nan -inf 8.897
nan -inf 8.898
nan -inf 8.899
nan -inf 8.9
nan -inf 8.901
nan -inf 8.902
nan -inf 8.903
nan -inf 8.904
nan -inf 8.905
nan -inf 8.906
nan -inf 8.907
nan -inf 8.908
nan -inf 8.909
nan -inf 8.91
nan -inf 8.911
nan -inf 8.912
nan -inf 8.913
nan -inf 8.914
nan -inf 8.915
nan -inf 8.916
nan -inf 8.917
nan -inf 8.918
nan -inf 8.919
nan -inf 8.92
nan -inf 8.921
nan -inf 8.922
nan -inf 8.923
nan -inf 8.924
nan -inf 8.925
nan -inf 8.926
nan -inf 8.927
nan -inf 8.928
nan -inf 8.929
nan -inf 8.93
nan -inf 8.931
nan -inf 8.932
nan -inf 8.933
nan -inf 8.934
nan -inf 8.935
nan -inf 8.936
nan -inf 8.937
nan -inf 8.938
nan -inf 8.939
nan -inf 8.94
nan -inf 8.941
nan -inf 8.942
nan -inf 8.943
nan -inf 8.944
nan -inf 8.945
nan -inf 8.946
nan -inf 8.947
nan -inf 8.948
nan -inf 8.949
nan -inf 8.95
nan -inf 8.951
nan -inf 8.952
nan -inf 8.953
nan -inf 8.954
nan -inf 8.955
nan -inf 8.956
nan -inf 8.957
nan -inf 8.958
nan -inf 8.959
nan -inf 8.96
nan -inf 8.961
nan -inf 8.962
nan -inf 8.963
nan -inf 8.964
nan -inf 8.965
nan -inf 8.966
nan -inf 8.967
nan -inf 8.968
nan -inf 8.969
nan -inf 8.97
nan -inf 8.971
nan -inf 8.972
nan -inf 8.973
nan -inf 8.974
nan -inf 8.975
nan -inf 8.976
nan -inf 8.977
nan -inf 8.978
nan -inf 8.979
nan -inf 8.98
nan -inf 8.981
nan -inf 8.982
nan -inf 8.983
nan -inf 8.984
nan -inf 8.985
nan -inf 8.986
nan -inf 8.987
nan -inf 8.988
nan -inf 8.989
nan -inf 8.99
nan -inf 8.991
nan -inf 8.992
nan -inf 8.993
nan -inf 8.994
nan -inf 8.995
nan -inf 8.996
nan -inf 8.997
nan -inf 8.998
nan -inf 8.999
nan -inf 9
nan -inf 9.001
nan -inf 9.002
nan -inf 9.003
nan -inf 9.004
nan -inf 9.005
nan -inf 9.006
nan -inf 9.007
nan -inf 9.008
nan -inf 9.009
nan -inf 9.01
nan -inf 9.011
nan -inf 9.012
nan -inf 9.013
nan -inf 9.014
nan -inf 9.015
nan -inf 9.016
nan -inf 9.017
nan -inf 9.018
nan -inf 9.019
nan -inf 9.02
nan -inf 9.021
nan -inf 9.022
nan -inf 9.023
nan -inf 9.024
nan -inf 9.025
nan -inf 9.026
nan -inf 9.027
nan -inf 9.028
nan -inf 9.029
nan -inf 9.03
nan -inf 9.031
nan -inf 9.032
nan -inf 9.033
nan -inf 9.034
nan -inf 9.035
nan -inf 9.036
nan -inf 9.037
nan -inf 9.038
nan -inf 9.039
nan -inf 9.04
nan -inf 9.041
nan -inf 9.042
nan -inf 9.043
nan -inf 9.044
nan -inf 9.045
nan -inf 9.046
nan -inf 9.047
nan -inf 9.048
nan -inf 9.049
nan -inf 9.05
nan -inf 9.051
nan -inf 9.052
nan -inf 9.053
nan -inf 9.054
nan -inf 9.055
nan -inf 9.056
nan -inf 9.057
nan -inf 9.058
nan -inf 9.059
nan -inf 9.06
nan -inf 9.061
nan -inf 9.062
nan -inf 9.063
nan -inf 9.064
nan -inf 9.065
nan -inf 9.066
nan -inf 9.067
nan -inf 9.068
nan -inf 9.069
nan -inf 9.07
nan -inf 9.071
nan -inf 9.072
nan -inf 9.073
nan -inf 9.074
nan -inf 9.075
nan -inf 9.076
nan -inf 9.077
nan -inf 9.078
nan -inf 9.079
nan -inf 9.08
nan -inf 9.081
nan -inf 9.082
nan -inf 9.083
nan -inf 9.084
nan -inf 9.085
nan -inf 9.086
nan -inf 9.087
nan -inf 9.088
nan -inf 9.089
nan -inf 9.09
nan -inf 9.091
nan -inf 9.092
nan -inf 9.093
nan -inf 9.094
nan -inf 9.095
nan -inf 9.096
nan -inf 9.097
nan -inf 9.098
nan -inf 9.099
nan -inf 9.1
nan -inf 9.101
nan -inf 9.102
nan -inf 9.103
nan -inf 9.104
nan -inf 9.105
nan -inf 9.106
nan -inf 9.107
nan -inf 9.108
nan -inf 9.109
nan -inf 9.11
nan -inf 9.111
nan -inf 9.112
nan -inf 9.113
nan -inf 9.114
nan -inf 9.115
nan -inf 9.116
nan -inf 9.117
nan -inf 9.118
nan -inf 9.119
nan -inf 9.12
nan -inf 9.121
nan -inf 9.122
nan -inf 9.123
nan -inf 9.124
nan -inf 9.125
nan -inf 9.126
nan -inf 9.127
nan -inf 9.128
nan -inf 9.129
nan -inf 9.13
nan -inf 9.131
nan -inf 9.132
nan -inf 9.133
nan -inf 9.134
nan -inf 9.135
nan -inf 9.136
nan -inf 9.137
nan -inf 9.138
nan -inf 9.139
nan -inf 9.14
nan -inf 9.141
nan -inf 9.142
nan -inf 9.143
nan -inf 9.144
nan -inf 9.145
nan -inf 9.146
nan -inf 9.147
nan -inf 9.148
nan -inf 9.149
nan -inf 9.15
nan -inf 9.151
nan -inf 9.152
nan -inf 9.153
nan -inf 9.154
nan -inf 9.155
nan -inf 9.156
nan -inf 9.157
nan -inf 9.158
nan -inf 9.159
nan -inf 9.16
nan -inf 9.161
nan -inf 9.162
nan -inf 9.163
nan -inf 9.164
nan -inf 9.165
nan -inf 9.166
nan -inf 9.167
nan -inf 9.168
nan -inf 9.169
nan -inf 9.17
nan -inf 9.171
nan -inf 9.172
nan -inf 9.173
nan -inf 9.174
nan -inf 9.175
nan -inf 9.176
nan -inf 9.177
nan -inf 9.178
nan -inf 9.179
nan -inf 9.18
nan -inf 9.181
nan -inf 9.182
nan -inf 9.183
nan -inf 9.184
nan -inf 9.185
nan -inf 9.186
nan -inf 9.187
nan -inf 9.188
nan -inf 9.189
nan -inf 9.19
nan -inf 9.191
nan -inf 9.192
nan -inf 9.193
nan -inf 9.194
nan -inf 9.195
nan -inf 9.196
nan -inf 9.197
nan -inf 9.198
nan -inf 9.199
nan -inf 9.2
nan -inf 9.201
nan -inf 9.202
nan -inf 9.203
nan -inf 9.204
nan -inf 9.205
nan -inf 9.206
nan -inf 9.207
nan -inf 9.208
nan -inf 9.209
nan -inf 9.21
nan -inf 9.211
nan -inf 9.212
nan -inf 9.213
nan -inf 9.214
nan -inf 9.215
nan -inf 9.216
nan -inf 9.217
nan -inf 9.218
nan -inf 9.219
nan -inf 9.22
nan -inf 9.221
nan -inf 9.222
nan -inf 9.223
nan -inf 9.224
nan -inf 9.225
nan -inf 9.226
nan -inf 9.227
nan -inf 9.228
nan -inf 9.229
nan -inf 9.23
nan -inf 9.231
nan -inf 9.232
nan -inf 9.233
nan -inf 9.234
nan -inf 9.235
nan -inf 9.236
nan -inf 9.237
nan -inf 9.238
nan -inf 9.239
nan -inf 9.24
nan -inf 9.241
nan -inf 9.242
nan -inf 9.243
nan -inf 9.244
nan -inf 9.245
nan -inf 9.246
nan -inf 9.247
nan -inf 9.248
nan -inf 9.249
nan -inf 9.25
nan -inf 9.251
nan -inf 9.252
nan -inf 9.253
nan -inf 9.254
nan -inf 9.255
nan -inf 9.256
nan -inf 9.257
nan -inf 9.258
nan -inf 9.259
nan -inf 9.26
nan -inf 9.261
nan -inf 9.262
nan -inf 9.263
nan -inf 9.264
nan -inf 9.265
nan -inf 9.266
nan -inf 9.267
nan -inf 9.268
nan -inf 9.269
nan -inf 9.27
nan -inf 9.271
nan -inf 9.272
nan -inf 9.273
nan -inf 9.274
nan -inf 9.275
nan -inf 9.276
nan -inf 9.277
nan -inf 9.278
nan -inf 9.279
nan -inf 9.28
nan -inf 9.281
nan -inf 9.282
nan -inf 9.283
nan -inf 9.284
nan -inf 9.285
nan -inf 9.286
nan -inf 9.287
nan -inf 9.288
nan -inf 9.289
nan -inf 9.29
nan -inf 9.291
nan -inf 9.292
nan -inf 9.293
nan -inf 9.294
nan -inf 9.295
nan -inf 9.296
nan -inf 9.297
nan -inf 9.298
nan -inf 9.299
nan -inf 9.3
nan -inf 9.301
nan -inf 9.302
nan -inf 9.303
nan -inf 9.304
nan -inf 9.305
nan -inf 9.306
nan -inf 9.307
nan -inf 9.308
nan -inf 9.309
nan -inf 9.31
nan -inf 9.311
nan -inf 9.312
nan -inf 9.313
nan -inf 9.314
nan -inf 9.315
nan -inf 9.316
nan -inf 9.317
nan -inf 9.318
nan -inf 9.319
nan -inf 9.32
nan -inf 9.321
nan -inf 9.322
nan -inf 9.323
nan -inf 9.324
nan -inf 9.325
nan -inf 9.326
nan -inf 9.327
nan -inf 9.328
nan -inf 9.329
nan -inf 9.33
nan -inf 9.331
nan -inf 9.332
nan -inf 9.333
nan -inf 9.334
nan -inf 9.335
nan -inf 9.336
nan -inf 9.337
nan -inf 9.338
nan -inf 9.339
nan -inf 9.34
nan -inf 9.341
nan -inf 9.342
nan -inf 9.343
nan -inf 9.344
nan -inf 9.345
nan -inf 9.346
nan -inf 9.347
nan -inf 9.348
nan -inf 9.349
nan -inf 9.35
nan -inf 9.351
nan -inf 9.352
nan -inf 9.353
nan -inf 9.354
nan -inf 9.355
nan -inf 9.356
nan -inf 9.357
nan -inf 9.358
nan -inf 9.359
nan -inf 9.36
nan -inf 9.361
nan -inf 9.362
nan -inf 9.363
nan -inf 9.364
nan -inf 9.365
nan -inf 9.366
nan -inf 9.367
nan -inf 9.368
nan -inf 9.369
nan -inf 9.37
nan -inf 9.371
nan -inf 9.372
nan -inf 9.373
nan -inf 9.374
nan -inf 9.375
nan -inf 9.376
nan -inf 9.377
nan -inf 9.378
nan -inf 9.379
nan -inf 9.38
nan -inf 9.381
nan -inf 9.382
nan -inf 9.383
nan -inf 9.384
nan -inf 9.385
nan -inf 9.386
nan -inf 9.387
nan -inf 9.388
nan -inf 9.389
nan -inf 9.39
nan -inf 9.391
nan -inf 9.392
nan -inf 9.393
nan -inf 9.394
nan -inf 9.395
nan -inf 9.396
nan -inf 9.397
nan -inf 9.398
nan -inf 9.399
nan -inf 9.4
nan -inf 9.401
nan -inf 9.402
nan -inf 9.403
nan -inf 9.404
nan -inf 9.405
nan -inf 9.406
nan -inf 9.407
nan -inf 9.408
nan -inf 9.409
nan -inf 9.41
nan -inf 9.411
nan -inf 9.412
nan -inf 9.413
nan -inf 9.414
nan -inf 9.415
nan -inf 9.416
nan -inf 9.417
nan -inf 9.418
nan -inf 9.419
nan -inf 9.42
nan -inf 9.421
nan -inf 9.422
nan -inf 9.423
nan -inf 9.424
nan -inf 9.425
nan -inf 9.426
nan -inf 9.427
nan -inf 9.428
nan -inf 9.429
nan -inf 9.43
nan -inf 9.431
nan -inf 9.432
nan -inf 9.433
nan -inf 9.434
nan -inf 9.435
nan -inf 9.436
nan -inf 9.437
nan -inf 9.438
nan -inf 9.439
nan -inf 9.44
nan -inf 9.441
nan -inf 9.442
nan -inf 9.443
nan -inf 9.444
nan -inf 9.445
nan -inf 9.446
nan -inf 9.447
nan -inf 9.448
nan -inf 9.449
nan -inf 9.45
nan -inf 9.451
nan -inf 9.452
nan -inf 9.453
nan -inf 9.454
nan -inf 9.455
nan -inf 9.456
nan -inf 9.457
nan -inf 9.458
nan -inf 9.459
nan -inf 9.46
nan -inf 9.461
nan -inf 9.462
nan -inf 9.463
nan -inf 9.464
nan -inf 9.465
nan -inf 9.466
nan -inf 9.467
nan -inf 9.468
nan -inf 9.469
nan -inf 9.47
nan -inf 9.471
nan -inf 9.472
nan -inf 9.473
nan -inf 9.474
nan -inf 9.475
nan -inf 9.476
nan -inf 9.477
nan -inf 9.478
nan -inf 9.479
nan -inf 9.48
nan -inf 9.481
nan -inf 9.482
nan -inf 9.483
nan -inf 9.484
nan -inf 9.485
nan -inf 9.486
nan -inf 9.487
nan -inf 9.488
nan -inf 9.489
nan -inf 9.49
nan -inf 9.491
nan -inf 9.492
nan -inf 9.493
nan -inf 9.494
nan -inf 9.495
nan -inf 9.496
nan -inf 9.497
nan -inf 9.498
nan -inf 9.499
nan -inf 9.5
nan -inf 9.501
nan -inf 9.502
nan -inf 9.503
nan -inf 9.504
nan -inf 9.505
nan -inf 9.506
nan -inf 9.507
nan -inf 9.508
nan -inf 9.509
nan -inf 9.51
nan -inf 9.511
nan -inf 9.512
nan -inf 9.513
nan -inf 9.514
nan -inf 9.515
nan -inf 9.516
nan -inf 9.517
nan -inf 9.518
nan -inf 9.519
nan -inf 9.52
nan -inf 9.521
nan -inf 9.522
nan -inf 9.523
nan -inf 9.524
nan -inf 9.525
nan -inf 9.526
nan -inf 9.527
nan -inf 9.528
nan -inf 9.529
nan -inf 9.53
nan -inf 9.531
nan -inf 9.532
nan -inf 9.533
nan -inf 9.534
nan -inf 9.535
nan -inf 9.536
nan -inf 9.537
nan -inf 9.538
nan -inf 9.539
nan -inf 9.54
nan -inf 9.541
nan -inf 9.542
nan -inf 9.543
nan -inf 9.544
nan -inf 9.545
nan -inf 9.546
nan -inf 9.547
nan -inf 9.548
nan -inf 9.549
nan -inf 9.55
nan -inf 9.551
nan -inf 9.552
nan -inf 9.553
nan -inf 9.554
nan -inf 9.555
nan -inf 9.556
nan -inf 9.557
nan -inf 9.558
nan -inf 9.559
nan -inf 9.56
nan -inf 9.561
nan -inf 9.562
nan -inf 9.563
nan -inf 9.564
nan -inf 9.565
nan -inf 9.566
nan -inf 9.567
nan -inf 9.568
nan -inf 9.569
nan -inf 9.57
nan -inf 9.571
nan -inf 9.572
nan -inf 9.573
nan -inf 9.574
nan -inf 9.575
nan -inf 9.576
nan -inf 9.577
nan -inf 9.578
nan -inf 9.579
nan -inf 9.58
nan -inf 9.581
nan -inf 9.582
nan -inf 9.583
nan -inf 9.584
nan -inf 9.585
nan -inf 9.586
nan -inf 9.587
nan -inf 9.588
nan -inf 9.589
nan -inf 9.59
nan -inf 9.591
nan -inf 9.592
nan -inf 9.593
nan -inf 9.594
nan -inf 9.595
nan -inf 9.596
nan -inf 9.597
nan -inf 9.598
nan -inf 9.599
nan -inf 9.6
nan -inf 9.601
nan -inf 9.602
nan -inf 9.603
nan -inf 9.604
nan -inf 9.605
nan -inf 9.606
nan -inf 9.607
nan -inf 9.608
nan -inf 9.609
nan -inf 9.61
nan -inf 9.611
nan -inf 9.612
nan -inf 9.613
nan -inf 9.614
nan -inf 9.615
nan -inf 9.616
nan -inf 9.617
nan -inf 9.618
nan -inf 9.619
nan -inf 9.62
nan -inf 9.621
nan -inf 9.622
nan -inf 9.623
nan -inf 9.624
nan -inf 9.625
nan -inf 9.626
nan -inf 9.627
nan -inf 9.628
nan -inf 9.629
nan -inf 9.63
nan -inf 9.631
nan -inf 9.632
nan -inf 9.633
nan -inf 9.634
nan -inf 9.635
nan -inf 9.636
nan -inf 9.637
nan -inf 9.638
nan -inf 9.639
nan -inf 9.64
nan -inf 9.641
nan -inf 9.642
nan -inf 9.643
nan -inf 9.644
nan -inf 9.645
nan -inf 9.646
nan -inf 9.647
nan -inf 9.648
nan -inf 9.649
nan -inf 9.65
nan -inf 9.651
nan -inf 9.652
nan -inf 9.653
nan -inf 9.654
nan -inf 9.655
nan -inf 9.656
nan -inf 9.657
nan -inf 9.658
nan -inf 9.659
nan -inf 9.66
nan -inf 9.661
nan -inf 9.662
nan -inf 9.663
nan -inf 9.664
nan -inf 9.665
nan -inf 9.666
nan -inf 9.667
nan -inf 9.668
nan -inf 9.669
nan -inf 9.67
nan -inf 9.671
nan -inf 9.672
nan -inf 9.673
nan -inf 9.674
nan -inf 9.675
nan -inf 9.676
nan -inf 9.677
nan -inf 9.678
nan -inf 9.679
nan -inf 9.68
nan -inf 9.681
nan -inf 9.682
nan -inf 9.683
nan -inf 9.684
nan -inf 9.685
nan -inf 9.686
nan -inf 9.687
nan -inf 9.688
nan -inf 9.689
nan -inf 9.69
nan -inf 9.691
nan -inf 9.692
nan -inf 9.693
nan -inf 9.694
nan -inf 9.695
nan -inf 9.696
nan -inf 9.697
nan -inf 9.698
nan -inf 9.699
nan -inf 9.7
nan -inf 9.701
nan -inf 9.702
nan -inf 9.703
nan -inf 9.704
nan -inf 9.705
nan -inf 9.706
nan -inf 9.707
nan -inf 9.708
nan -inf 9.709
nan -inf 9.71
nan -inf 9.711
nan -inf 9.712
nan -inf 9.713
nan -inf 9.714
nan -inf 9.715
nan -inf 9.716
nan -inf 9.717
nan -inf 9.718
nan -inf 9.719
nan -inf 9.72
nan -inf 9.721
nan -inf 9.722
nan -inf 9.723
nan -inf 9.724
nan -inf 9.725
nan -inf 9.726
nan -inf 9.727
nan -inf 9.728
nan -inf 9.729
nan -inf 9.73
nan -inf 9.731
nan -inf 9.732
nan -inf 9.733
nan -inf 9.734
nan -inf 9.735
nan -inf 9.736
nan -inf 9.737
nan -inf 9.738
nan -inf 9.739
nan -inf 9.74
nan -inf 9.741
nan -inf 9.742
nan -inf 9.743
nan -inf 9.744
nan -inf 9.745
nan -inf 9.746
nan -inf 9.747
nan -inf 9.748
nan -inf 9.749
nan -inf 9.75
nan -inf 9.751
nan -inf 9.752
nan -inf 9.753
nan -inf 9.754
nan -inf 9.755
nan -inf 9.756
nan -inf 9.757
nan -inf 9.758
nan -inf 9.759
nan -inf 9.76
nan -inf 9.761
nan -inf 9.762
nan -inf 9.763
nan -inf 9.764
nan -inf 9.765
nan -inf 9.766
nan -inf 9.767
nan -inf 9.768
nan -inf 9.769
nan -inf 9.77
nan -inf 9.771
nan -inf 9.772
nan -inf 9.773
nan -inf 9.774
nan -inf 9.775
nan -inf 9.776
nan -inf 9.777
nan -inf 9.778
nan -inf 9.779
nan -inf 9.78
nan -inf 9.781
nan -inf 9.782
nan -inf 9.783
nan -inf 9.784
nan -inf 9.785
nan -inf 9.786
nan -inf 9.787
nan -inf 9.788
nan -inf 9.789
nan -inf 9.79
nan -inf 9.791
nan -inf 9.792
nan -inf 9.793
nan -inf 9.794
nan -inf 9.795
nan -inf 9.796
nan -inf 9.797
nan -inf 9.798
nan -inf 9.799
nan -inf 9.8
nan -inf 9.801
nan -inf 9.802
nan -inf 9.803
nan -inf 9.804
nan -inf 9.805
nan -inf 9.806
nan -inf 9.807
nan -inf 9.808
nan -inf 9.809
nan -inf 9.81
nan -inf 9.811
nan -inf 9.812
nan -inf 9.813
nan -inf 9.814
nan -inf 9.815
nan -inf 9.816
nan -inf 9.817
nan -inf 9.818
nan -inf 9.819
nan -inf 9.82
nan -inf 9.821
nan -inf 9.822
nan -inf 9.823
nan -inf 9.824
nan -inf 9.825
nan -inf 9.826
nan -inf 9.827
nan -inf 9.828
nan -inf 9.829
nan -inf 9.83
nan -inf 9.831
nan -inf 9.832
nan -inf 9.833
nan -inf 9.834
nan -inf 9.835
nan -inf 9.836
nan -inf 9.837
nan -inf 9.838
nan -inf 9.839
nan -inf 9.84
nan -inf 9.841
nan -inf 9.842
nan -inf 9.843
nan -inf 9.844
nan -inf 9.845
nan -inf 9.846
nan -inf 9.847
nan -inf 9.848
nan -inf 9.849
nan -inf 9.85
nan -inf 9.851
nan -inf 9.852
nan -inf 9.853
nan -inf 9.854
nan -inf 9.855
nan -inf 9.856
nan -inf 9.857
nan -inf 9.858
nan -inf 9.859
nan -inf 9.86
nan -inf 9.861
nan -inf 9.862
nan -inf 9.863
nan -inf 9.864
nan -inf 9.865
nan -inf 9.866
nan -inf 9.867
nan -inf 9.868
nan -inf 9.869
nan -inf 9.87
nan -inf 9.871
nan -inf 9.872
nan -inf 9.873
nan -inf 9.874
nan -inf 9.875
nan -inf 9.876
nan -inf 9.877
nan -inf 9.878
nan -inf 9.879
nan -inf 9.88
nan -inf 9.881
nan -inf 9.882
nan -inf 9.883
nan -inf 9.884
nan -inf 9.885
nan -inf 9.886
nan -inf 9.887
nan -inf 9.888
nan -inf 9.889
nan -inf 9.89
nan -inf 9.891
nan -inf 9.892
nan -inf 9.893
nan -inf 9.894
nan -inf 9.895
nan -inf 9.896
nan -inf 9.897
nan -inf 9.898
nan -inf 9.899
nan -inf 9.9
nan -inf 9.901
nan -inf 9.902
nan -inf 9.903
nan -inf 9.904
nan -inf 9.905
nan -inf 9.906
nan -inf 9.907
nan -inf 9.908
nan -inf 9.909
nan -inf 9.91
nan -inf 9.911
nan -inf 9.912
nan -inf 9.913
nan -inf 9.914
nan -inf 9.915
nan -inf 9.916
nan -inf 9.917
nan -inf 9.918
nan -inf 9.919
nan -inf 9.92
nan -inf 9.921
nan -inf 9.922
nan -inf 9.923
nan -inf 9.924
nan -inf 9.925
nan -inf 9.926
nan -inf 9.927
nan -inf 9.928
nan -inf 9.929
nan -inf 9.93
nan -inf 9.931
nan -inf 9.932
nan -inf 9.933
nan -inf 9.934
nan -inf 9.935
nan -inf 9.936
nan -inf 9.937
nan -inf 9.938
nan -inf 9.939
nan -inf 9.94
nan -inf 9.941
nan -inf 9.942
nan -inf 9.943
nan -inf 9.944
nan -inf 9.945
nan -inf 9.946
nan -inf 9.947
nan -inf 9.948
nan -inf 9.949
nan -inf 9.95
nan -inf 9.951
nan -inf 9.952
nan -inf 9.953
nan -inf 9.954
nan -inf 9.955
nan -inf 9.956
nan -inf 9.957
nan -inf 9.958
nan -inf 9.959
nan -inf 9.96
nan -inf 9.961
nan -inf 9.962
nan -inf 9.963
nan -inf 9.964
nan -inf 9.965
nan -inf 9.966
nan -inf 9.967
nan -inf 9.968
nan -inf 9.969
nan -inf 9.97
nan -inf 9.971
nan -inf 9.972
nan -inf 9.973
nan -inf 9.974
nan -inf 9.975
nan -inf 9.976
nan -inf 9.977
nan -inf 9.978
nan -inf 9.979
nan -inf 9.98
nan -inf 9.981
nan -inf 9.982
nan -inf 9.983
nan -inf 9.984
nan -inf 9.985
nan -inf 9.986
nan -inf 9.987
nan -inf 9.988
nan -inf 9.989
nan -inf 9.99
nan -inf 9.991
nan -inf 9.992
nan -inf 9.993
nan -inf 9.994
nan -inf 9.995
nan -inf 9.996
nan -inf 9.997
nan -inf 9.998
nan -inf 9.999
nan -inf 10
